00001	200	22477
00002	200	20557
00003	200	21920
00004	200	21400
00005	200	20203
00006	200	20773
00007	200	20443
00008	200	21066
00009	200	21819
0000a	200	19923
0000b	200	21835
0000c	200	22542
0000d	200	20675
0000e	200	22161
0000f	200	20665
00010	200	18865
00011	200	20745
00012	200	21755
00013	200	22042
00014	200	20159
00015	200	22041
00016	200	21048
00017	200	20504
00018	200	21843
00019	200	20546
0001a	200	20506
0001b	200	19919
0001c	200	21645
0001d	200	19808
0001e	200	22185
0001f	200	21908
00020	200	21670
00021	200	21370
00022	200	20854
00023	200	19686
00024	200	19531
00025	200	21289
00026	200	20482
00027	200	21123
00028	200	19724
00029	200	20475
0002a	200	19877
0002b	200	21959
0002c	200	20041
0002d	200	21213
0002e	200	20749
0002f	200	20861
00030	200	22044
00031	200	20961
00032	200	20197
00033	200	20394
00034	200	21248
00035	200	19337
00036	200	19958
00037	200	20503
00038	200	20431
00039	200	20515
0003a	200	19409
0003b	200	20700
0003c	200	19654
0003d	200	22061
0003e	200	21248
0003f	200	21292
00040	200	22070
00041	200	19953
00042	200	20191
00043	200	20736
00044	200	20393
00045	200	19292
00046	200	22194
00047	200	20236
00048	200	19177
00049	200	22848
0004a	200	19535
0004b	200	20597
0004c	200	20891
0004d	200	18165
0004e	200	19886
0004f	200	21638
00050	200	20976
00051	200	19679
00052	200	21831
00053	200	20002
00054	200	20323
00055	200	21208
00056	200	20744
00057	200	20245
00058	200	21717
00059	200	20270
0005a	200	19529
0005b	200	19529
0005c	200	20311
0005d	200	19684
0005e	200	23086
0005f	200	21794
00060	200	20702
00061	200	21907
00062	200	21287
00063	200	22506
00064	200	21359
00065	200	20074
00066	200	21489
00067	200	20001
00068	200	20742
00069	200	22571
0006a	200	21026
0006b	200	19892
0006c	200	19504
0006d	200	21559
0006e	200	22263
0006f	200	20904
00070	200	22181
00071	200	20275
00072	200	19141
00073	200	20123
00074	200	19834
00075	200	20077
00076	200	20929
00077	200	20938
00078	200	18281
00079	200	21994
0007a	200	22069
0007b	200	19296
0007c	200	20791
0007d	200	19098
0007e	200	21127
0007f	200	20503
00080	200	20350
00081	200	18441
00082	200	21489
00083	200	20593
00084	200	21986
00085	200	21793
00086	200	20278
00087	200	19260
00088	200	21524
00089	200	20275
0008a	200	19306
0008b	200	19568
0008c	200	20277
0008d	200	20315
0008e	200	19725
0008f	200	20515
00090	200	21284
00091	200	21065
00092	200	21328
00093	200	20204
00094	200	20511
00095	200	20508
00096	200	22112
00097	200	20391
00098	200	21288
00099	200	21210
0009a	200	21101
0009b	200	20472
0009c	200	20199
0009d	200	22073
0009e	200	20586
0009f	200	20000
000a0	200	20907
000a1	200	21475
000a2	200	19927
000a3	200	20471
000a4	200	21904
000a5	200	20072
000a6	200	20508
000a7	200	20507
000a8	200	19722
000a9	200	19183
000aa	200	20391
000ab	200	21370
000ac	200	20466
000ad	200	21526
000ae	200	21291
000af	200	19413
000b0	200	20860
000b1	200	22105
000b2	200	19337
000b3	200	20349
000b4	200	20116
000b5	200	20585
000b6	200	18633
000b7	200	20618
000b8	200	21365
000b9	200	19257
000ba	200	21726
000bb	200	21045
000bc	200	20117
000bd	200	20664
000be	200	19740
000bf	200	21914
000c0	200	20936
000c1	200	21439
000c2	200	20975
000c3	200	21585
000c4	200	19885
000c5	200	20851
000c6	200	20715
000c7	200	21409
000c8	200	21007
000c9	200	21586
000ca	200	21254
000cb	200	21068
000cc	200	19644
000cd	200	20518
000ce	200	21790
000cf	200	20745
000d0	200	22031
000d1	200	19682
000d2	200	20465
000d3	200	20703
000d4	200	20591
000d5	200	20435
000d6	200	22929
000d7	200	21169
000d8	200	21338
000d9	200	19953
000da	200	21598
000db	200	22970
000dc	200	20929
000dd	200	19687
000de	200	19452
000df	200	21518
000e0	200	21369
000e1	200	19300
000e2	200	20278
000e3	200	20311
000e4	200	22342
000e5	200	18440
000e6	200	20193
000e7	200	20446
000e8	200	20980
000e9	200	20547
000ea	200	20009
000eb	200	19968
000ec	200	21709
000ed	200	21988
000ee	200	21517
000ef	200	21217
000f0	200	22697
000f1	200	21221
000f2	200	20353
000f3	200	21487
000f4	200	21527
000f5	200	20782
000f6	200	21061
000f7	200	20625
000f8	200	20555
000f9	200	20193
000fa	200	22342
000fb	200	21244
000fc	200	21327
000fd	200	21053
000fe	200	21285
000ff	200	20744
00100	200	20590
00101	200	22216
00102	200	21292
00103	200	21410
00104	200	21405
00105	200	20382
00106	200	20393
00107	200	21951
00108	200	21654
00109	200	20156
0010a	200	19581
0010b	200	22530
0010c	200	20626
0010d	200	20356
0010e	200	20941
0010f	200	21403
00110	200	18957
00111	200	20780
00112	200	20546
00113	200	21614
00114	200	19066
00115	200	21601
00116	200	21592
00117	200	22730
00118	200	19568
00119	200	21563
0011a	200	20704
0011b	200	20816
0011c	200	21089
0011d	200	20501
0011e	200	21204
0011f	200	21296
00120	200	20787
00121	200	20118
00122	200	21053
00123	200	20042
00124	200	22073
00125	200	20894
00126	200	20860
00127	200	19685
00128	200	21968
00129	200	19103
0012a	200	20083
0012b	200	21201
0012c	200	21136
0012d	200	20737
0012e	200	22385
0012f	200	20470
00130	200	20509
00131	200	19228
00132	200	20242
00133	200	20403
00134	200	19103
00135	200	21615
00136	200	20898
00137	200	21056
00138	200	21064
00139	200	20780
0013a	200	19011
0013b	200	21443
0013c	200	20584
0013d	200	21216
0013e	200	19967
0013f	200	18549
00140	200	20699
00141	200	20899
00142	200	19762
00143	200	21520
00144	200	19847
00145	200	20783
00146	200	21241
00147	200	21285
00148	200	21131
00149	200	20666
0014a	200	19065
0014b	200	21051
0014c	200	21362
0014d	200	21715
0014e	200	19927
0014f	200	20941
00150	200	22039
00151	200	21843
00152	200	21135
00153	200	21097
00154	200	20276
00155	200	19996
00156	200	22929
00157	200	20116
00158	200	20668
00159	200	19809
0015a	200	19410
0015b	200	20941
0015c	200	20151
0015d	200	21696
0015e	200	20156
0015f	200	20704
00160	200	20500
00161	200	20864
00162	200	20700
00163	200	21957
00164	200	20824
00165	200	21050
00166	200	19813
00167	200	21755
00168	200	19297
00169	200	19998
0016a	200	20427
0016b	200	20472
0016c	200	21403
0016d	200	21484
0016e	200	20402
0016f	200	20039
00170	200	19345
00171	200	19841
00172	200	20233
00173	200	22462
00174	200	20237
00175	200	21594
00176	200	20000
00177	200	19966
00178	200	21408
00179	200	19103
0017a	200	21559
0017b	200	20539
0017c	200	22352
0017d	200	20772
0017e	200	21988
0017f	200	20304
00180	200	20868
00181	200	20241
00182	200	20151
00183	200	21444
00184	200	19969
00185	200	19297
00186	200	22858
00187	200	21207
00188	200	22003
00189	200	21379
0018a	200	18517
0018b	200	19846
0018c	200	20623
0018d	200	20190
0018e	200	21088
0018f	200	21798
00190	200	21175
00191	200	20322
00192	200	20859
00193	200	21173
00194	200	21487
00195	200	20557
00196	200	20740
00197	200	21334
00198	200	20853
00199	200	19882
0019a	200	21903
0019b	200	19412
0019c	200	18711
0019d	200	21250
0019e	200	18749
0019f	200	19420
001a0	200	20665
001a1	200	20945
001a2	200	19915
001a3	200	20089
001a4	200	21283
001a5	200	19349
001a6	200	20996
001a7	200	22076
001a8	200	20896
001a9	200	19802
001aa	200	19175
001ab	200	20353
001ac	200	20002
001ad	200	19927
001ae	200	20585
001af	200	21497
001b0	200	20310
001b1	200	21523
001b2	200	19621
001b3	200	21532
001b4	200	19922
001b5	200	21324
001b6	200	19410
001b7	200	20899
001b8	200	21295
001b9	200	22068
001ba	200	21095
001bb	200	20784
001bc	200	19992
001bd	200	21446
001be	200	20715
001bf	200	20549
001c0	200	20593
001c1	200	19266
001c2	200	20426
001c3	200	20228
001c4	200	20508
001c5	200	20670
001c6	200	19505
001c7	200	19030
001c8	200	21886
001c9	200	22230
001ca	200	19262
001cb	200	21640
001cc	200	20121
001cd	200	20039
001ce	200	21251
001cf	200	21292
001d0	200	19260
001d1	200	20704
001d2	200	21291
001d3	200	21096
001d4	200	20396
001d5	200	20041
001d6	200	20110
001d7	200	21373
001d8	200	20043
001d9	200	21248
001da	200	19918
001db	200	20864
001dc	200	20851
001dd	200	19572
001de	200	21520
001df	200	20114
001e0	200	19176
001e1	200	21099
001e2	200	22393
001e3	200	20118
001e4	200	22113
001e5	200	21632
001e6	200	20898
001e7	200	22580
001e8	200	20743
001e9	200	21135
001ea	200	20038
001eb	200	21370
001ec	200	21051
001ed	200	20162
001ee	200	21482
001ef	200	21209
001f0	200	20352
001f1	200	19690
001f2	200	21251
001f3	200	20935
001f4	200	21216
001f5	200	19485
001f6	200	20747
001f7	200	22183
001f8	200	21294
001f9	200	19836
001fa	200	19335
001fb	200	21055
001fc	200	19109
001fd	200	21563
001fe	200	19302
001ff	200	20032
00200	200	20862
00201	200	19910
00202	200	19412
00203	200	20131
00204	200	18983
00205	200	21890
00206	200	20979
00207	200	19972
00208	200	21090
00209	200	21325
0020a	200	21956
0020b	200	20156
0020c	200	22074
0020d	200	21532
0020e	200	19336
0020f	200	19913
00210	200	20939
00211	200	19265
00212	200	19740
00213	200	19730
00214	200	20821
00215	200	19605
00216	200	20713
00217	200	20589
00218	200	19771
00219	200	20471
0021a	200	22250
0021b	200	21754
0021c	200	21211
0021d	200	19838
0021e	200	19837
0021f	200	22228
00220	200	21136
00221	200	19109
00222	200	20068
00223	200	19805
00224	200	19492
00225	200	20265
00226	200	20112
00227	200	21679
00228	200	21211
00229	200	20193
0022a	200	21203
0022b	200	20499
0022c	200	21199
0022d	200	21215
0022e	200	19997
0022f	200	20117
00230	200	21485
00231	200	20189
00232	200	20904
00233	200	20274
00234	200	19730
00235	200	21320
00236	200	21751
00237	200	21956
00238	200	20117
00239	200	20320
0023a	200	19184
0023b	200	20930
0023c	200	21146
0023d	200	21333
0023e	200	23090
0023f	200	20738
00240	200	20508
00241	200	20350
00242	200	19532
00243	200	21203
00244	200	21043
00245	200	21171
00246	200	19644
00247	200	22068
00248	200	21259
00249	200	22744
0024a	200	21917
0024b	200	22426
0024c	200	19057
0024d	200	19961
0024e	200	20857
0024f	200	20503
00250	200	20195
00251	200	21670
00252	200	20427
00253	200	21685
00254	200	21089
00255	200	20691
00256	200	20866
00257	200	19608
00258	200	22352
00259	200	20894
0025a	200	19686
0025b	200	19886
0025c	200	20554
0025d	200	19776
0025e	200	21484
0025f	200	22382
00260	200	20504
00261	200	21289
00262	200	20784
00263	200	21103
00264	200	21689
00265	200	19661
00266	200	22263
00267	200	21175
00268	200	20431
00269	200	21471
0026a	200	23003
0026b	200	22031
0026c	200	21018
0026d	200	19568
0026e	200	20085
0026f	200	19103
00270	200	19884
00271	200	18752
00272	200	19570
00273	200	20711
00274	200	20426
00275	200	20874
00276	200	20230
00277	200	20314
00278	200	21686
00279	200	19850
0027a	200	20198
0027b	200	20323
0027c	200	20091
0027d	200	21882
0027e	200	20261
0027f	200	20725
00280	200	20938
00281	200	21602
00282	200	20896
00283	200	21524
00284	200	20434
00285	200	20542
00286	200	21839
00287	200	19964
00288	200	21519
00289	200	21595
0028a	200	20239
0028b	200	19892
0028c	200	20738
0028d	200	20460
0028e	200	19529
0028f	200	20902
00290	200	21327
00291	200	21172
00292	200	21182
00293	200	20468
00294	200	20157
00295	200	21182
00296	200	21134
00297	200	20619
00298	200	19996
00299	200	20717
0029a	200	18121
0029b	200	19833
0029c	200	20155
0029d	200	20043
0029e	200	20190
0029f	200	19299
002a0	200	21755
002a1	200	20658
002a2	200	21336
002a3	200	22529
002a4	200	21803
002a5	200	19256
002a6	200	19410
002a7	200	20825
002a8	200	21121
002a9	200	20308
002aa	200	21122
002ab	200	20003
002ac	200	20424
002ad	200	21832
002ae	200	20046
002af	200	21713
002b0	200	19530
002b1	200	21637
002b2	200	20859
002b3	200	21610
002b4	200	20155
002b5	200	21260
002b6	200	21453
002b7	200	21169
002b8	200	20752
002b9	200	20272
002ba	200	18678
002bb	200	20194
002bc	200	21096
002bd	200	20294
002be	200	21286
002bf	200	20121
002c0	200	21286
002c1	200	20753
002c2	200	21024
002c3	200	22149
002c4	200	21799
002c5	200	20700
002c6	200	20352
002c7	200	19497
002c8	200	20551
002c9	200	20043
002ca	200	21372
002cb	200	21652
002cc	200	21236
002cd	200	20469
002ce	200	20739
002cf	200	20777
002d0	200	21804
002d1	200	20785
002d2	200	21443
002d3	200	20231
002d4	200	20080
002d5	200	19614
002d6	200	21839
002d7	200	20896
002d8	200	19540
002d9	200	19973
002da	200	20705
002db	200	19799
002dc	200	20554
002dd	200	20739
002de	200	21127
002df	200	19266
002e0	200	21320
002e1	200	22115
002e2	200	20904
002e3	200	21570
002e4	200	20599
002e5	200	21521
002e6	200	20657
002e7	200	20703
002e8	200	19176
002e9	200	21829
002ea	200	20862
002eb	200	19841
002ec	200	20035
002ed	200	22113
002ee	200	20667
002ef	200	21053
002f0	200	21486
002f1	200	19879
002f2	200	20775
002f3	200	21132
002f4	200	20354
002f5	200	19684
002f6	200	20938
002f7	200	21332
002f8	200	19999
002f9	200	20749
002fa	200	20708
002fb	200	21326
002fc	200	22070
002fd	200	19415
002fe	200	21094
002ff	200	22182
00300	200	19528
00301	200	20748
00302	200	21053
00303	200	20429
00304	200	21333
00305	200	21327
00306	200	21873
00307	200	19841
00308	200	20117
00309	200	19766
0030a	200	21523
0030b	200	20740
0030c	200	19768
0030d	200	20230
0030e	200	20033
0030f	200	20986
00310	200	18475
00311	200	20430
00312	200	21796
00313	200	21180
00314	200	23219
00315	200	19488
00316	200	21593
00317	200	19922
00318	200	20108
00319	200	21172
0031a	200	19915
0031b	200	20790
0031c	200	20631
0031d	200	21640
0031e	200	21680
0031f	200	20318
00320	200	20861
00321	200	20901
00322	200	20312
00323	200	21723
00324	200	20033
00325	200	20661
00326	200	21954
00327	200	21720
00328	200	21798
00329	200	19468
0032a	200	20617
0032b	200	18441
0032c	200	20156
0032d	200	20192
0032e	200	21444
0032f	200	21131
00330	200	20970
00331	200	21839
00332	200	21328
00333	200	21884
00334	200	19842
00335	200	20498
00336	200	20508
00337	200	19489
00338	200	19761
00339	200	21058
0033a	200	20878
0033b	200	20383
0033c	200	20941
0033d	200	21723
0033e	200	20893
0033f	200	19657
00340	200	20584
00341	200	21914
00342	200	19884
00343	200	20737
00344	200	20227
00345	200	20928
00346	200	21206
00347	200	22235
00348	200	19656
00349	200	17888
0034a	200	19753
0034b	200	19506
0034c	200	21252
0034d	200	20051
0034e	200	21019
0034f	200	20777
00350	200	22020
00351	200	21171
00352	200	19223
00353	200	20623
00354	200	20188
00355	200	22455
00356	200	21062
00357	200	20619
00358	200	20573
00359	200	19763
0035a	200	21071
0035b	200	22300
0035c	200	20080
0035d	200	21611
0035e	200	20941
0035f	200	21170
00360	200	20594
00361	200	19966
00362	200	21565
00363	200	20831
00364	200	20307
00365	200	21607
00366	200	21008
00367	200	20202
00368	200	19377
00369	200	21378
0036a	200	21331
0036b	200	21449
0036c	200	21708
0036d	200	21792
0036e	200	21482
0036f	200	20120
00370	200	22534
00371	200	20108
00372	200	18983
00373	200	22150
00374	200	21175
00375	200	21907
00376	200	19804
00377	200	21842
00378	200	20228
00379	200	21128
0037a	200	21640
0037b	200	20812
0037c	200	20745
0037d	200	21291
0037e	200	19956
0037f	200	20791
00380	200	20285
00381	200	20782
00382	200	21919
00383	200	21600
00384	200	21405
00385	200	21056
00386	200	21610
00387	200	19680
00388	200	21304
00389	200	21481
0038a	200	21255
0038b	200	19813
0038c	200	20631
0038d	200	21681
0038e	200	20815
0038f	200	21492
00390	200	20237
00391	200	20160
00392	200	20590
00393	200	20657
00394	200	20701
00395	200	21148
00396	200	20431
00397	200	22113
00398	200	20203
00399	200	20164
0039a	200	22333
0039b	200	19928
0039c	200	20437
0039d	200	22310
0039e	200	19652
0039f	200	19417
003a0	200	20741
003a1	200	20980
003a2	200	19531
003a3	200	21444
003a4	200	21723
003a5	200	21135
003a6	200	20032
003a7	200	22467
003a8	200	20306
003a9	200	19405
003aa	200	21689
003ab	200	21415
003ac	200	19888
003ad	200	21166
003ae	200	21481
003af	200	22264
003b0	200	20994
003b1	200	21687
003b2	200	21141
003b3	200	19925
003b4	200	19694
003b5	200	20360
003b6	200	20637
003b7	200	19327
003b8	200	22217
003b9	200	21127
003ba	200	20147
003bb	200	21697
003bc	200	19936
003bd	200	20194
003be	200	21716
003bf	200	20859
003c0	200	21003
003c1	200	22391
003c2	200	21188
003c3	200	19343
003c4	200	20815
003c5	200	22194
003c6	200	20509
003c7	200	20633
003c8	200	19964
003c9	200	20893
003ca	200	21403
003cb	200	19916
003cc	200	21668
003cd	200	21476
003ce	200	20890
003cf	200	20271
003d0	200	21106
003d1	200	19764
003d2	200	19973
003d3	200	19683
003d4	200	21256
003d5	200	19568
003d6	200	21831
003d7	200	21483
003d8	200	19763
003d9	200	21529
003da	200	22271
003db	200	20669
003dc	200	21266
003dd	200	20783
003de	200	20507
003df	200	20196
003e0	200	21246
003e1	200	20510
003e2	200	20039
003e3	200	19100
003e4	200	20040
003e5	200	21216
003e6	200	21128
003e7	200	20110
003e8	200	20038
003e9	200	20544
003ea	200	21364
003eb	200	21951
003ec	200	21368
003ed	200	21678
003ee	200	20237
003ef	200	19488
003f0	200	20202
003f1	200	21135
003f2	200	20509
003f3	200	20081
003f4	200	20503
003f5	200	21026
003f6	200	19332
003f7	200	19344
003f8	200	20784
003f9	200	21443
003fa	200	20323
003fb	200	22301
003fc	200	21171
003fd	200	21683
003fe	200	20315
003ff	200	22143
00400	200	20633
00401	200	20783
00402	200	21522
00403	200	19500
00404	200	20424
00405	200	20274
00406	200	21368
00407	200	19052
00408	200	21915
00409	200	20782
0040a	200	21169
0040b	200	22065
0040c	200	18474
0040d	200	20863
0040e	200	20165
0040f	200	21171
00410	200	20109
00411	200	21837
00412	200	21715
00413	200	21017
00414	200	20238
00415	200	20819
00416	200	20544
00417	200	22969
00418	200	20740
00419	200	20624
0041a	200	20781
0041b	200	21288
0041c	200	20908
0041d	200	19920
0041e	200	21399
0041f	200	22203
00420	200	22723
00421	200	20433
00422	200	21685
00423	200	20313
00424	200	20625
00425	200	19294
00426	200	22810
00427	200	20470
00428	200	20306
00429	200	20744
0042a	200	20944
0042b	200	20393
0042c	200	21669
0042d	200	20935
0042e	200	20546
0042f	200	22120
00430	200	23321
00431	200	21418
00432	200	19570
00433	200	22306
00434	200	20627
00435	200	20935
00436	200	19574
00437	200	21951
00438	200	20035
00439	200	21483
0043a	200	19649
0043b	200	20510
0043c	200	21723
0043d	200	20785
0043e	200	19886
0043f	200	19462
00440	200	20157
00441	200	20357
00442	200	19922
00443	200	20469
00444	200	19876
00445	200	19233
00446	200	22142
00447	200	19885
00448	200	20429
00449	200	21962
0044a	200	21830
0044b	200	20005
0044c	200	21997
0044d	200	21611
0044e	200	19541
0044f	200	19374
00450	200	23283
00451	200	21440
00452	200	20007
00453	200	21839
00454	200	20082
00455	200	21371
00456	200	19292
00457	200	21755
00458	200	19683
00459	200	20553
0045a	200	21259
0045b	200	21534
0045c	200	18984
0045d	200	21018
0045e	200	20929
0045f	200	20039
00460	200	20512
00461	200	21250
00462	200	20113
00463	200	21173
00464	200	20865
00465	200	18282
00466	200	20744
00467	200	21252
00468	200	22182
00469	200	20554
0046a	200	21165
0046b	200	21802
0046c	200	20795
0046d	200	20195
0046e	200	18877
0046f	200	21446
00470	200	20009
00471	200	18594
00472	200	22216
00473	200	20748
00474	200	20792
00475	200	21927
00476	200	20402
00477	200	21644
00478	200	20738
00479	200	22386
0047a	200	21008
0047b	200	20776
0047c	200	20153
0047d	200	22149
0047e	200	19542
0047f	200	20824
00480	200	20794
00481	200	21093
00482	200	21164
00483	200	19966
00484	200	19465
00485	200	20003
00486	200	20317
00487	200	20627
00488	200	21367
00489	200	20822
0048a	200	21369
0048b	200	19452
0048c	200	22386
0048d	200	20638
0048e	200	20186
0048f	200	20238
00490	200	22501
00491	200	21048
00492	200	20742
00493	200	21130
00494	200	22304
00495	200	19961
00496	200	20550
00497	200	19720
00498	200	22582
00499	200	19370
0049a	200	18745
0049b	200	19387
0049c	200	19689
0049d	200	20564
0049e	200	20398
0049f	200	21599
004a0	200	21255
004a1	200	20276
004a2	200	20873
004a3	200	21172
004a4	200	20641
004a5	200	20078
004a6	200	20904
004a7	200	20510
004a8	200	21914
004a9	200	21066
004aa	200	20278
004ab	200	20209
004ac	200	21282
004ad	200	22227
004ae	200	20703
004af	200	19812
004b0	200	20822
004b1	200	21515
004b2	200	21475
004b3	200	20156
004b4	200	20280
004b5	200	21253
004b6	200	20667
004b7	200	20816
004b8	200	22650
004b9	200	20861
004ba	200	19959
004bb	200	18639
004bc	200	21600
004bd	200	19497
004be	200	21056
004bf	200	21604
004c0	200	19876
004c1	200	20522
004c2	200	21680
004c3	200	20539
004c4	200	20321
004c5	200	20549
004c6	200	20233
004c7	200	20387
004c8	200	20351
004c9	200	19420
004ca	200	20866
004cb	200	20124
004cc	200	20629
004cd	200	19993
004ce	200	19174
004cf	200	20496
004d0	200	20468
004d1	200	19852
004d2	200	20239
004d3	200	21754
004d4	200	20194
004d5	200	20190
004d6	200	20788
004d7	200	20853
004d8	200	20239
004d9	200	20189
004da	200	20122
004db	200	21836
004dc	200	20888
004dd	200	20234
004de	200	21337
004df	200	21335
004e0	200	21200
004e1	200	20407
004e2	200	20536
004e3	200	18598
004e4	200	20238
004e5	200	20425
004e6	200	20780
004e7	200	20735
004e8	200	22385
004e9	200	21144
004ea	200	20667
004eb	200	21250
004ec	200	20030
004ed	200	20941
004ee	200	20816
004ef	200	19689
004f0	200	20569
004f1	200	19256
004f2	200	21761
004f3	200	20508
004f4	200	20507
004f5	200	20471
004f6	200	19880
004f7	200	21326
004f8	200	19934
004f9	200	20550
004fa	200	20430
004fb	200	20000
004fc	200	21527
004fd	200	21793
004fe	200	22886
004ff	200	20861
00500	200	20041
00501	200	20046
00502	200	19756
00503	200	21443
00504	200	21458
00505	200	22276
00506	200	21849
00507	200	22237
00508	200	22183
00509	200	19256
0050a	200	20349
0050b	200	18830
0050c	200	20322
0050d	200	21598
0050e	200	20556
0050f	200	19287
00510	200	20083
00511	200	20589
00512	200	20195
00513	200	20944
00514	200	21709
00515	200	22030
00516	200	19291
00517	200	21060
00518	200	20194
00519	200	19737
0051a	200	22498
0051b	200	20784
0051c	200	19060
0051d	200	18124
0051e	200	20389
0051f	200	22026
00520	200	21052
00521	200	21723
00522	200	20478
00523	200	20671
00524	200	19535
00525	200	20504
00526	200	21405
00527	200	20899
00528	200	19917
00529	200	20940
0052a	200	20041
0052b	200	20273
0052c	200	20666
0052d	200	20272
0052e	200	20622
0052f	200	19523
00530	200	20943
00531	200	20007
00532	200	21996
00533	200	21761
00534	200	20946
00535	200	19267
00536	200	21098
00537	200	20828
00538	200	20628
00539	200	21014
0053a	200	20850
0053b	200	20310
0053c	200	22151
0053d	200	19959
0053e	200	18206
0053f	200	18710
00540	200	21092
00541	200	20708
00542	200	20547
00543	200	21522
00544	200	21375
00545	200	21249
00546	200	21222
00547	200	20385
00548	200	20228
00549	200	19177
0054a	200	19849
0054b	200	21994
0054c	200	19491
0054d	200	20263
0054e	200	21712
0054f	200	19893
00550	200	20168
00551	200	20040
00552	200	21320
00553	200	22231
00554	200	23525
00555	200	19456
00556	200	20982
00557	200	20272
00558	200	20317
00559	200	21056
0055a	200	20654
0055b	200	22024
0055c	200	20736
0055d	200	18317
0055e	200	21489
0055f	200	20908
00560	200	19842
00561	200	20905
00562	200	20229
00563	200	19875
00564	200	20937
00565	200	21840
00566	200	21714
00567	200	21286
00568	200	19521
00569	200	18904
0056a	200	19141
0056b	200	21882
0056c	200	18630
0056d	200	21370
0056e	200	19992
0056f	200	21870
00570	200	21876
00571	200	22347
00572	200	21374
00573	200	20594
00574	200	20663
00575	200	21094
00576	200	19765
00577	200	20109
00578	200	20165
00579	200	19802
0057a	200	20543
0057b	200	21276
0057c	200	19137
0057d	200	21554
0057e	200	20540
0057f	200	20747
00580	200	20635
00581	200	21593
00582	200	19885
00583	200	20934
00584	200	18822
00585	200	21879
00586	200	21961
00587	200	20001
00588	200	21318
00589	200	20831
0058a	200	19747
0058b	200	21091
0058c	200	19954
0058d	200	20660
0058e	200	21484
0058f	200	19221
00590	200	20785
00591	200	22428
00592	200	21718
00593	200	21918
00594	200	21336
00595	200	19336
00596	200	19892
00597	200	20427
00598	200	21285
00599	200	20247
0059a	200	22178
0059b	200	22340
0059c	200	22105
0059d	200	19445
0059e	200	20619
0059f	200	19966
005a0	200	20211
005a1	200	21182
005a2	200	22697
005a3	200	21180
005a4	200	19883
005a5	200	19614
005a6	200	20239
005a7	200	19305
005a8	200	19214
005a9	200	21014
005aa	200	21172
005ab	200	20672
005ac	200	21731
005ad	200	17657
005ae	200	18949
005af	200	21227
005b0	200	18903
005b1	200	21598
005b2	200	20971
005b3	200	20231
005b4	200	23057
005b5	200	19688
005b6	200	21053
005b7	200	20239
005b8	200	21185
005b9	200	20424
005ba	200	22202
005bb	200	21283
005bc	200	19111
005bd	200	21529
005be	200	20897
005bf	200	21290
005c0	200	21000
005c1	200	22777
005c2	200	18474
005c3	200	20936
005c4	200	20933
005c5	200	21286
005c6	200	21292
005c7	200	20754
005c8	200	19642
005c9	200	21209
005ca	200	20745
005cb	200	20518
005cc	200	20429
005cd	200	19408
005ce	200	19539
005cf	200	20386
005d0	200	22504
005d1	200	21293
005d2	200	22225
005d3	200	20505
005d4	200	19875
005d5	200	18314
005d6	200	20819
005d7	200	20004
005d8	200	23482
005d9	200	21359
005da	200	20245
005db	200	21302
005dc	200	20480
005dd	200	19956
005de	200	21379
005df	200	20147
005e0	200	19969
005e1	200	19371
005e2	200	19143
005e3	200	20775
005e4	200	19966
005e5	200	20699
005e6	200	20782
005e7	200	19533
005e8	200	19992
005e9	200	20623
005ea	200	20343
005eb	200	20660
005ec	200	19413
005ed	200	20432
005ee	200	21792
005ef	200	19916
005f0	200	20596
005f1	200	21688
005f2	200	21522
005f3	200	19682
005f4	200	19726
005f5	200	19879
005f6	200	21209
005f7	200	20624
005f8	200	19767
005f9	200	20318
005fa	200	21531
005fb	200	21723
005fc	200	21009
005fd	200	19805
005fe	200	21635
005ff	200	20042
00600	200	20783
00601	200	20430
00602	200	19069
00603	200	20712
00604	200	21566
00605	200	21025
00606	200	20071
00607	200	21298
00608	200	20782
00609	200	20353
0060a	200	20080
0060b	200	22074
0060c	200	21053
0060d	200	19651
0060e	200	19614
0060f	200	20741
00610	200	22740
00611	200	20389
00612	200	20973
00613	200	20394
00614	200	20808
00615	200	19062
00616	200	19448
00617	200	21250
00618	200	21054
00619	200	20472
0061a	200	21599
0061b	200	20392
0061c	200	21601
0061d	200	21946
0061e	200	22274
0061f	200	21996
00620	200	20077
00621	200	19692
00622	200	20513
00623	200	20513
00624	200	18953
00625	200	21517
00626	200	21008
00627	200	20361
00628	200	20817
00629	200	19798
0062a	200	20227
0062b	200	20347
0062c	200	20944
0062d	200	21483
0062e	200	21995
0062f	200	18917
00630	200	19495
00631	200	20893
00632	200	21223
00633	200	19850
00634	200	22043
00635	200	21378
00636	200	20854
00637	200	20313
00638	200	19537
00639	200	20679
0063a	200	21599
0063b	200	19803
0063c	200	20745
0063d	200	20777
0063e	200	20309
0063f	200	21484
00640	200	18238
00641	200	20810
00642	200	21449
00643	200	20007
00644	200	21417
00645	200	20433
00646	200	22183
00647	200	19882
00648	200	20866
00649	200	19725
0064a	200	20270
0064b	200	21043
0064c	200	21058
0064d	200	21566
0064e	200	22616
0064f	200	19886
00650	200	19544
00651	200	20280
00652	200	21577
00653	200	20785
00654	200	20201
00655	200	20428
00656	200	21015
00657	200	20167
00658	200	20738
00659	200	20744
0065a	200	22464
0065b	200	19928
0065c	200	21560
0065d	200	20774
0065e	200	21786
0065f	200	21055
00660	200	23002
00661	200	20564
00662	200	19639
00663	200	20819
00664	200	21020
00665	200	20503
00666	200	19686
00667	200	19373
00668	200	19285
00669	200	21332
0066a	200	19650
0066b	200	19975
0066c	200	19498
0066d	200	22081
0066e	200	21207
0066f	200	21413
00670	200	20045
00671	200	21252
00672	200	19341
00673	200	20778
00674	200	21156
00675	200	21377
00676	200	20664
00677	200	21602
00678	200	19688
00679	200	21448
0067a	200	19687
0067b	200	21398
0067c	200	21563
0067d	200	21211
0067e	200	21796
0067f	200	19651
00680	200	20267
00681	200	19605
00682	200	21368
00683	200	21611
00684	200	22157
00685	200	20788
00686	200	21033
00687	200	19957
00688	200	20586
00689	200	21636
0068a	200	20628
0068b	200	20285
0068c	200	21212
0068d	200	20547
0068e	200	21448
0068f	200	20059
00690	200	22110
00691	200	20703
00692	200	19529
00693	200	23208
00694	200	19380
00695	200	21135
00696	200	20624
00697	200	20348
00698	200	22188
00699	200	22684
0069a	200	18206
0069b	200	21167
0069c	200	20784
0069d	200	19484
0069e	200	21604
0069f	200	20779
006a0	200	21997
006a1	200	20630
006a2	200	21164
006a3	200	20121
006a4	200	19851
006a5	200	19602
006a6	200	20196
006a7	200	21921
006a8	200	22070
006a9	200	19803
006aa	200	21283
006ab	200	20552
006ac	200	21256
006ad	200	20239
006ae	200	20786
006af	200	20187
006b0	200	21367
006b1	200	20676
006b2	200	19289
006b3	200	20315
006b4	200	21237
006b5	200	21405
006b6	200	20191
006b7	200	19760
006b8	200	22185
006b9	200	20154
006ba	200	21243
006bb	200	18946
006bc	200	20199
006bd	200	20782
006be	200	20702
006bf	200	19723
006c0	200	20162
006c1	200	21163
006c2	200	19610
006c3	200	21178
006c4	200	19620
006c5	200	21883
006c6	200	21443
006c7	200	20982
006c8	200	19843
006c9	200	19845
006ca	200	19916
006cb	200	21575
006cc	200	21789
006cd	200	21288
006ce	200	19962
006cf	200	20037
006d0	200	21107
006d1	200	21055
006d2	200	21525
006d3	200	20577
006d4	200	20079
006d5	200	20583
006d6	200	20931
006d7	200	21442
006d8	200	21252
006d9	200	19958
006da	200	18787
006db	200	21452
006dc	200	21248
006dd	200	21099
006de	200	20344
006df	200	19572
006e0	200	21139
006e1	200	20782
006e2	200	20350
006e3	200	21162
006e4	200	20946
006e5	200	21768
006e6	200	21726
006e7	200	21201
006e8	200	20187
006e9	200	21224
006ea	200	20048
006eb	200	20814
006ec	200	20671
006ed	200	21497
006ee	200	21693
006ef	200	20470
006f0	200	19333
006f1	200	20313
006f2	200	21759
006f3	200	21755
006f4	200	19690
006f5	200	20472
006f6	200	21007
006f7	200	21566
006f8	200	21287
006f9	200	19381
006fa	200	20307
006fb	200	22034
006fc	200	20817
006fd	200	20551
006fe	200	20428
006ff	200	21162
00700	200	20660
00701	200	20280
00702	200	20976
00703	200	20430
00704	200	20441
00705	200	19691
00706	200	22553
00707	200	22032
00708	200	21605
00709	200	21137
0070a	200	20265
0070b	200	20941
0070c	200	20155
0070d	200	21638
0070e	200	21170
0070f	200	18990
00710	200	22111
00711	200	20575
00712	200	19607
00713	200	19233
00714	200	21053
00715	200	20475
00716	200	22036
00717	200	20000
00718	200	20836
00719	200	20955
0071a	200	22068
0071b	200	19804
0071c	200	19214
0071d	200	20616
0071e	200	19970
0071f	200	21675
00720	200	20314
00721	200	19574
00722	200	22495
00723	200	19604
00724	200	21052
00725	200	20471
00726	200	22117
00727	200	20194
00728	200	18755
00729	200	19490
0072a	200	21995
0072b	200	20616
0072c	200	20822
0072d	200	20313
0072e	200	21958
0072f	200	20978
00730	200	20974
00731	200	20117
00732	200	20313
00733	200	21440
00734	200	20856
00735	200	20513
00736	200	22263
00737	200	21106
00738	200	20194
00739	200	21284
0073a	200	21488
0073b	200	19960
0073c	200	21959
0073d	200	20237
0073e	200	20853
0073f	200	21713
00740	200	20897
00741	200	20664
00742	200	21324
00743	200	21410
00744	200	19766
00745	200	20668
00746	200	20398
00747	200	20358
00748	200	20265
00749	200	20659
0074a	200	20669
0074b	200	18913
0074c	200	20189
0074d	200	21285
0074e	200	21058
0074f	200	21213
00750	200	20516
00751	200	20744
00752	200	21360
00753	200	18359
00754	200	21552
00755	200	20897
00756	200	20588
00757	200	19072
00758	200	21601
00759	200	21130
0075a	200	19795
0075b	200	22419
0075c	200	20756
0075d	200	20750
0075e	200	19607
0075f	200	20383
00760	200	22226
00761	200	19557
00762	200	22576
00763	200	20430
00764	200	22032
00765	200	20044
00766	200	19765
00767	200	20539
00768	200	20899
00769	200	20248
0076a	200	21996
0076b	200	19653
0076c	200	20671
0076d	200	20898
0076e	200	22144
0076f	200	19520
00770	200	20667
00771	200	20783
00772	200	19264
00773	200	21367
00774	200	20072
00775	200	20273
00776	200	21597
00777	200	20120
00778	200	19990
00779	200	20078
0077a	200	19842
0077b	200	19568
0077c	200	20194
0077d	200	22302
0077e	200	20003
0077f	200	20190
00780	200	20313
00781	200	20824
00782	200	21912
00783	200	20760
00784	200	20901
00785	200	21098
00786	200	21188
00787	200	20395
00788	200	19992
00789	200	20361
0078a	200	20053
0078b	200	20048
0078c	200	20356
0078d	200	21490
0078e	200	19370
0078f	200	22184
00790	200	20591
00791	200	20749
00792	200	20391
00793	200	20896
00794	200	20229
00795	200	22076
00796	200	21330
00797	200	20806
00798	200	21416
00799	200	21133
0079a	200	19566
0079b	200	21496
0079c	200	20831
0079d	200	20819
0079e	200	20863
0079f	200	21285
007a0	200	20347
007a1	200	20195
007a2	200	19099
007a3	200	20707
007a4	200	20747
007a5	200	20960
007a6	200	21080
007a7	200	19685
007a8	200	19883
007a9	200	20268
007aa	200	21249
007ab	200	21880
007ac	200	19989
007ad	200	20183
007ae	200	20552
007af	200	21491
007b0	200	21293
007b1	200	19796
007b2	200	20978
007b3	200	22030
007b4	200	21210
007b5	200	21173
007b6	200	22425
007b7	200	21065
007b8	200	21534
007b9	200	19411
007ba	200	20117
007bb	200	20241
007bc	200	20189
007bd	200	19998
007be	200	20742
007bf	200	19883
007c0	200	20660
007c1	200	19026
007c2	200	21570
007c3	200	20002
007c4	200	22024
007c5	200	21681
007c6	200	21684
007c7	200	20780
007c8	200	21249
007c9	200	20591
007ca	200	20705
007cb	200	20628
007cc	200	20882
007cd	200	21874
007ce	200	22578
007cf	200	20313
007d0	200	21375
007d1	200	20864
007d2	200	19641
007d3	200	21338
007d4	200	22295
007d5	200	19029
007d6	200	22039
007d7	200	21251
007d8	200	21287
007d9	200	21287
007da	200	20200
007db	200	19762
007dc	200	21922
007dd	200	20989
007de	200	20350
007df	200	21683
007e0	200	19543
007e1	200	20040
007e2	200	23526
007e3	200	20593
007e4	200	19770
007e5	200	19996
007e6	200	19650
007e7	200	20818
007e8	200	19727
007e9	200	21724
007ea	200	23056
007eb	200	21302
007ec	200	19527
007ed	200	21018
007ee	200	20273
007ef	200	20859
007f0	200	20835
007f1	200	22120
007f2	200	20509
007f3	200	19655
007f4	200	21486
007f5	200	20082
007f6	200	21570
007f7	200	20321
007f8	200	20945
007f9	200	20312
007fa	200	20854
007fb	200	20942
007fc	200	20035
007fd	200	20984
007fe	200	20666
007ff	200	19058
00800	200	20968
00801	200	21992
00802	200	20076
00803	200	19810
00804	200	19935
00805	200	19225
00806	200	19646
00807	200	20047
00808	200	19922
00809	200	20704
0080a	200	20905
0080b	200	21958
0080c	200	21769
0080d	200	20009
0080e	200	20784
0080f	200	20579
00810	200	21011
00811	200	19493
00812	200	20118
00813	200	20621
00814	200	20910
00815	200	19878
00816	200	19611
00817	200	18630
00818	200	20977
00819	200	18559
0081a	200	21298
0081b	200	21245
0081c	200	20822
0081d	200	19289
0081e	200	21912
0081f	200	22417
00820	200	21017
00821	200	21288
00822	200	20323
00823	200	20349
00824	200	19498
00825	200	19500
00826	200	20829
00827	200	19797
00828	200	20476
00829	200	19600
0082a	200	20660
0082b	200	20471
0082c	200	21403
0082d	200	21529
0082e	200	20514
0082f	200	20664
00830	200	20387
00831	200	20975
00832	200	21059
00833	200	21215
00834	200	19803
00835	200	20353
00836	200	22697
00837	200	20550
00838	200	20033
00839	200	19795
0083a	200	19536
0083b	200	19297
0083c	200	21029
0083d	200	19266
0083e	200	19772
0083f	200	20237
00840	200	21749
00841	200	21176
00842	200	20125
00843	200	21092
00844	200	22021
00845	200	21830
00846	200	20127
00847	200	21325
00848	200	20608
00849	200	19257
0084a	200	22614
0084b	200	19444
0084c	200	21907
0084d	200	19560
0084e	200	21958
0084f	200	21447
00850	200	20080
00851	200	20278
00852	200	20899
00853	200	21061
00854	200	22578
00855	200	21395
00856	200	22225
00857	200	20481
00858	200	19652
00859	200	20788
0085a	200	19498
0085b	200	20736
0085c	200	19446
0085d	200	21133
0085e	200	20820
0085f	200	20974
00860	200	20469
00861	200	20890
00862	200	21215
00863	200	21436
00864	200	18945
00865	200	19612
00866	200	19612
00867	200	20154
00868	200	21721
00869	200	21685
0086a	200	20581
0086b	200	22232
0086c	200	20770
0086d	200	19813
0086e	200	20080
0086f	200	19179
00870	200	19920
00871	200	20901
00872	200	19921
00873	200	21727
00874	200	20636
00875	200	19648
00876	200	19379
00877	200	21609
00878	200	22475
00879	200	21865
0087a	200	22150
0087b	200	20320
0087c	200	19685
0087d	200	21732
0087e	200	20034
0087f	200	21328
00880	200	22148
00881	200	18985
00882	200	20323
00883	200	20350
00884	200	20009
00885	200	20504
00886	200	21558
00887	200	21536
00888	200	22741
00889	200	21334
0088a	200	21618
0088b	200	19928
0088c	200	20225
0088d	200	22339
0088e	200	21332
0088f	200	20555
00890	200	21012
00891	200	17665
00892	200	20008
00893	200	21224
00894	200	19076
00895	200	20818
00896	200	21825
00897	200	19766
00898	200	21368
00899	200	20186
0089a	200	21762
0089b	200	20588
0089c	200	20195
0089d	200	19300
0089e	200	21125
0089f	200	19648
008a0	200	21800
008a1	200	20592
008a2	200	19850
008a3	200	21064
008a4	200	20430
008a5	200	19335
008a6	200	21323
008a7	200	19816
008a8	200	20274
008a9	200	20777
008aa	200	18404
008ab	200	19962
008ac	200	21139
008ad	200	20272
008ae	200	20040
008af	200	22265
008b0	200	18823
008b1	200	19497
008b2	200	20589
008b3	200	19810
008b4	200	20347
008b5	200	20354
008b6	200	20434
008b7	200	20073
008b8	200	22386
008b9	200	20034
008ba	200	20746
008bb	200	21099
008bc	200	20085
008bd	200	19295
008be	200	22864
008bf	200	20743
008c0	200	19969
008c1	200	21768
008c2	200	20240
008c3	200	19296
008c4	200	20702
008c5	200	19109
008c6	200	20196
008c7	200	20969
008c8	200	19838
008c9	200	20864
008ca	200	20006
008cb	200	21012
008cc	200	20729
008cd	200	19991
008ce	200	19718
008cf	200	20468
008d0	200	20860
008d1	200	19937
008d2	200	20502
008d3	200	20434
008d4	200	21877
008d5	200	21258
008d6	200	19772
008d7	200	21689
008d8	200	20583
008d9	200	22650
008da	200	20592
008db	200	20871
008dc	200	20085
008dd	200	21441
008de	200	21294
008df	200	20826
008e0	200	21130
008e1	200	20784
008e2	200	20628
008e3	200	20285
008e4	200	19765
008e5	200	21911
008e6	200	18481
008e7	200	19889
008e8	200	19619
008e9	200	22584
008ea	200	21167
008eb	200	21172
008ec	200	20587
008ed	200	19725
008ee	200	21249
008ef	200	20344
008f0	200	19645
008f1	200	20585
008f2	200	20863
008f3	200	20512
008f4	200	21577
008f5	200	20753
008f6	200	20863
008f7	200	21552
008f8	200	21330
008f9	200	20935
008fa	200	20671
008fb	200	19736
008fc	200	20350
008fd	200	22526
008fe	200	21022
008ff	200	19302
00900	200	20941
00901	200	21055
00902	200	19332
00903	200	21027
00904	200	19889
00905	200	20777
00906	200	22061
00907	200	20043
00908	200	20039
00909	200	21637
0090a	200	22188
0090b	200	20735
0090c	200	21255
0090d	200	20011
0090e	200	19759
0090f	200	21254
00910	200	21562
00911	200	21800
00912	200	20636
00913	200	21321
00914	200	19497
00915	200	20266
00916	200	20892
00917	200	18788
00918	200	20085
00919	200	21125
0091a	200	20516
0091b	200	20562
0091c	200	23015
0091d	200	18900
0091e	200	20236
0091f	200	19481
00920	200	19715
00921	200	20387
00922	200	19455
00923	200	21362
00924	200	19612
00925	200	20359
00926	200	20048
00927	200	20702
00928	200	21020
00929	200	21920
0092a	200	20786
0092b	200	20896
0092c	200	20384
0092d	200	19529
0092e	200	20142
0092f	200	22148
00930	200	19602
00931	200	21214
00932	200	20660
00933	200	22065
00934	200	19531
00935	200	19698
00936	200	20463
00937	200	20703
00938	200	20232
00939	200	21203
0093a	200	20041
0093b	200	19883
0093c	200	20785
0093d	200	20973
0093e	200	21707
0093f	200	21649
00940	200	20278
00941	200	20353
00942	200	21375
00943	200	21322
00944	200	19303
00945	200	20822
00946	200	19021
00947	200	19377
00948	200	19694
00949	200	20354
0094a	200	20822
0094b	200	19802
0094c	200	20699
0094d	200	21570
0094e	200	18952
0094f	200	21141
00950	200	20313
00951	200	20937
00952	200	22028
00953	200	19066
00954	200	19611
00955	200	21140
00956	200	19729
00957	200	20428
00958	200	21170
00959	200	21175
0095a	200	20197
0095b	200	21451
0095c	200	20705
0095d	200	19878
0095e	200	20279
0095f	200	21723
00960	200	19681
00961	200	20546
00962	200	19877
00963	200	21515
00964	200	20554
00965	200	19847
00966	200	20035
00967	200	19800
00968	200	20159
00969	200	20812
0096a	200	22227
0096b	200	21102
0096c	200	20241
0096d	200	21056
0096e	200	21332
0096f	200	19999
00970	200	19881
00971	200	20110
00972	200	20280
00973	200	19489
00974	200	20903
00975	200	22109
00976	200	20902
00977	200	21205
00978	200	22340
00979	200	20970
0097a	200	21491
0097b	200	19417
0097c	200	21094
0097d	200	20200
0097e	200	19956
0097f	200	19659
00980	200	19615
00981	200	20429
00982	200	20587
00983	200	19301
00984	200	21015
00985	200	20594
00986	200	22841
00987	200	21054
00988	200	21083
00989	200	19192
0098a	200	20240
0098b	200	20200
0098c	200	21380
0098d	200	20702
0098e	200	20393
0098f	200	19881
00990	200	20692
00991	200	20692
00992	200	19933
00993	200	20160
00994	200	19569
00995	200	19608
00996	200	20899
00997	200	20546
00998	200	21958
00999	200	20230
0099a	200	21875
0099b	200	21286
0099c	200	21687
0099d	200	21951
0099e	200	18899
0099f	200	21016
009a0	200	21327
009a1	200	20973
009a2	200	22411
009a3	200	20671
009a4	200	19417
009a5	200	19919
009a6	200	21481
009a7	200	21993
009a8	200	20195
009a9	200	21709
009aa	200	20191
009ab	200	18749
009ac	200	21487
009ad	200	20972
009ae	200	20506
009af	200	19761
009b0	200	21169
009b1	200	19448
009b2	200	19872
009b3	200	19336
009b4	200	20625
009b5	200	20346
009b6	200	21020
009b7	200	20156
009b8	200	19175
009b9	200	19496
009ba	200	18667
009bb	200	20265
009bc	200	20907
009bd	200	22033
009be	200	22851
009bf	200	20792
009c0	200	20591
009c1	200	20515
009c2	200	19531
009c3	200	17972
009c4	200	21757
009c5	200	19226
009c6	200	20855
009c7	200	20987
009c8	200	19480
009c9	200	20585
009ca	200	21683
009cb	200	22422
009cc	200	20274
009cd	200	20319
009ce	200	19769
009cf	200	19036
009d0	200	21130
009d1	200	20008
009d2	200	21334
009d3	200	22541
009d4	200	20238
009d5	200	22022
009d6	200	23321
009d7	200	20125
009d8	200	22188
009d9	200	20828
009da	200	21206
009db	200	22491
009dc	200	21407
009dd	200	19959
009de	200	21249
009df	200	20114
009e0	200	21285
009e1	200	18946
009e2	200	20658
009e3	200	20315
009e4	200	20662
009e5	200	20546
009e6	200	21950
009e7	200	19220
009e8	200	21521
009e9	200	22272
009ea	200	21088
009eb	200	20411
009ec	200	21290
009ed	200	21606
009ee	200	20848
009ef	200	20784
009f0	200	19459
009f1	200	19267
009f2	200	21848
009f3	200	20159
009f4	200	20349
009f5	200	21286
009f6	200	20425
009f7	200	20748
009f8	200	21761
009f9	200	20504
009fa	200	22151
009fb	200	21722
009fc	200	19736
009fd	200	20898
009fe	200	20069
009ff	200	19883
00a00	200	22887
00a01	200	21096
00a02	200	21603
00a03	200	20869
00a04	200	20589
00a05	200	21252
00a06	200	19917
00a07	200	19287
00a08	200	21404
00a09	200	20983
00a0a	200	20234
00a0b	200	21810
00a0c	200	18129
00a0d	200	20463
00a0e	200	20206
00a0f	200	19310
00a10	200	20832
00a11	200	21957
00a12	200	19797
00a13	200	20899
00a14	200	20423
00a15	200	21102
00a16	200	21878
00a17	200	21016
00a18	200	21673
00a19	200	20386
00a1a	200	20096
00a1b	200	20203
00a1c	200	20974
00a1d	200	21950
00a1e	200	19646
00a1f	200	21952
00a20	200	19567
00a21	200	21632
00a22	200	21186
00a23	200	20945
00a24	200	20310
00a25	200	20676
00a26	200	19759
00a27	200	20851
00a28	200	20747
00a29	200	21331
00a2a	200	20237
00a2b	200	22389
00a2c	200	21015
00a2d	200	20127
00a2e	200	19956
00a2f	200	22274
00a30	200	20466
00a31	200	20594
00a32	200	19576
00a33	200	21734
00a34	200	21727
00a35	200	19766
00a36	200	20944
00a37	200	21020
00a38	200	19927
00a39	200	21724
00a3a	200	22395
00a3b	200	21054
00a3c	200	21101
00a3d	200	20036
00a3e	200	21911
00a3f	200	22143
00a40	200	21479
00a41	200	20009
00a42	200	20512
00a43	200	21290
00a44	200	20423
00a45	200	20037
00a46	200	19814
00a47	200	20504
00a48	200	19150
00a49	200	20354
00a4a	200	20417
00a4b	200	19574
00a4c	200	20583
00a4d	200	20542
00a4e	200	20467
00a4f	200	20751
00a50	200	20630
00a51	200	22922
00a52	200	20113
00a53	200	20782
00a54	200	20677
00a55	200	19762
00a56	200	20746
00a57	200	20355
00a58	200	20855
00a59	200	20193
00a5a	200	19258
00a5b	200	20706
00a5c	200	20360
00a5d	200	22302
00a5e	200	19793
00a5f	200	22011
00a60	200	20982
00a61	200	21717
00a62	200	21450
00a63	200	21727
00a64	200	21756
00a65	200	21262
00a66	200	20313
00a67	200	19762
00a68	200	19767
00a69	200	20621
00a6a	200	19737
00a6b	200	21523
00a6c	200	19573
00a6d	200	22111
00a6e	200	21374
00a6f	200	20512
00a70	200	20781
00a71	200	21176
00a72	200	20784
00a73	200	20347
00a74	200	21094
00a75	200	21128
00a76	200	20741
00a77	200	21289
00a78	200	20711
00a79	200	19727
00a7a	200	17894
00a7b	200	20935
00a7c	200	19842
00a7d	200	20506
00a7e	200	20900
00a7f	200	20986
00a80	200	19183
00a81	200	21990
00a82	200	19958
00a83	200	20546
00a84	200	20758
00a85	200	22146
00a86	200	20648
00a87	200	19730
00a88	200	21607
00a89	200	20749
00a8a	200	20398
00a8b	200	19654
00a8c	200	20941
00a8d	200	21019
00a8e	200	20661
00a8f	200	20702
00a90	200	19929
00a91	200	20155
00a92	200	21251
00a93	200	21209
00a94	200	20713
00a95	200	21088
00a96	200	20273
00a97	200	19758
00a98	200	18865
00a99	200	20984
00a9a	200	23518
00a9b	200	20077
00a9c	200	21369
00a9d	200	20269
00a9e	200	21168
00a9f	200	20897
00aa0	200	20268
00aa1	200	21392
00aa2	200	20357
00aa3	200	20209
00aa4	200	22470
00aa5	200	19928
00aa6	200	21863
00aa7	200	19307
00aa8	200	20860
00aa9	200	19799
00aaa	200	22225
00aab	200	19850
00aac	200	19933
00aad	200	21089
00aae	200	20942
00aaf	200	20709
00ab0	200	20459
00ab1	200	22653
00ab2	200	22066
00ab3	200	20122
00ab4	200	20777
00ab5	200	21335
00ab6	200	20203
00ab7	200	20307
00ab8	200	20745
00ab9	200	20743
00aba	200	21101
00abb	200	21337
00abc	200	21105
00abd	200	19457
00abe	200	21909
00abf	200	21753
00ac0	200	20633
00ac1	200	19808
00ac2	200	20706
00ac3	200	21606
00ac4	200	21411
00ac5	200	19806
00ac6	200	20587
00ac7	200	20546
00ac8	200	19302
00ac9	200	20008
00aca	200	20892
00acb	200	20981
00acc	200	21220
00acd	200	20858
00ace	200	20119
00acf	200	21302
00ad0	200	20597
00ad1	200	21251
00ad2	200	21865
00ad3	200	19680
00ad4	200	21569
00ad5	200	20538
00ad6	200	20261
00ad7	200	19695
00ad8	200	20002
00ad9	200	20156
00ada	200	21995
00adb	200	21514
00adc	200	20150
00add	200	19523
00ade	200	22113
00adf	200	21248
00ae0	200	19722
00ae1	200	20360
00ae2	200	20821
00ae3	200	20501
00ae4	200	19649
00ae5	200	22224
00ae6	200	20240
00ae7	200	20708
00ae8	200	20511
00ae9	200	21565
00aea	200	20745
00aeb	200	21088
00aec	200	18562
00aed	200	19418
00aee	200	21254
00aef	200	20775
00af0	200	19605
00af1	200	19772
00af2	200	22345
00af3	200	21520
00af4	200	20393
00af5	200	21216
00af6	200	19774
00af7	200	21455
00af8	200	22459
00af9	200	22303
00afa	200	22304
00afb	200	20279
00afc	200	19683
00afd	200	21210
00afe	200	20124
00aff	200	20428
00b00	200	21010
00b01	200	22154
00b02	200	20754
00b03	200	20163
00b04	200	20167
00b05	200	19103
00b06	200	19528
00b07	200	22003
00b08	200	19147
00b09	200	21591
00b0a	200	19255
00b0b	200	19605
00b0c	200	21514
00b0d	200	20344
00b0e	200	21455
00b0f	200	20239
00b10	200	19638
00b11	200	20939
00b12	200	21051
00b13	200	19492
00b14	200	19567
00b15	200	21130
00b16	200	19453
00b17	200	22113
00b18	200	19642
00b19	200	18667
00b1a	200	20508
00b1b	200	21253
00b1c	200	21251
00b1d	200	21570
00b1e	200	19841
00b1f	200	22545
00b20	200	20238
00b21	200	18757
00b22	200	22540
00b23	200	21916
00b24	200	22227
00b25	200	19028
00b26	200	20030
00b27	200	20657
00b28	200	20432
00b29	200	20819
00b2a	200	19929
00b2b	200	22506
00b2c	200	21445
00b2d	200	19215
00b2e	200	20393
00b2f	200	20012
00b30	200	19415
00b31	200	19058
00b32	200	21561
00b33	200	21600
00b34	200	19558
00b35	200	19854
00b36	200	19333
00b37	200	20519
00b38	200	22122
00b39	200	21870
00b3a	200	20701
00b3b	200	19615
00b3c	200	20463
00b3d	200	21989
00b3e	200	19257
00b3f	200	19024
00b40	200	20266
00b41	200	21650
00b42	200	20434
00b43	200	21092
00b44	200	22070
00b45	200	20231
00b46	200	20741
00b47	200	22037
00b48	200	21090
00b49	200	20659
00b4a	200	20666
00b4b	200	20507
00b4c	200	21082
00b4d	200	19807
00b4e	200	20235
00b4f	200	19720
00b50	200	20632
00b51	200	21262
00b52	200	21011
00b53	200	21534
00b54	200	20274
00b55	200	19997
00b56	200	22109
00b57	200	22341
00b58	200	20979
00b59	200	18520
00b5a	200	21167
00b5b	200	20473
00b5c	200	19344
00b5d	200	21097
00b5e	200	20352
00b5f	200	22183
00b60	200	21215
00b61	200	19482
00b62	200	20044
00b63	200	20741
00b64	200	21340
00b65	200	19886
00b66	200	20342
00b67	200	20268
00b68	200	21053
00b69	200	20310
00b6a	200	21542
00b6b	200	20275
00b6c	200	19886
00b6d	200	19486
00b6e	200	20624
00b6f	200	22222
00b70	200	21189
00b71	200	20820
00b72	200	19365
00b73	200	20196
00b74	200	20116
00b75	200	19613
00b76	200	18325
00b77	200	18395
00b78	200	20430
00b79	200	22076
00b7a	200	21181
00b7b	200	21528
00b7c	200	21478
00b7d	200	19646
00b7e	200	20785
00b7f	200	20631
00b80	200	21670
00b81	200	21957
00b82	200	20500
00b83	200	20662
00b84	200	20739
00b85	200	19924
00b86	200	20588
00b87	200	22889
00b88	200	21648
00b89	200	21018
00b8a	200	21999
00b8b	200	20517
00b8c	200	18752
00b8d	200	21951
00b8e	200	22035
00b8f	200	21402
00b90	200	20941
00b91	200	21359
00b92	200	19716
00b93	200	21166
00b94	200	19071
00b95	200	19464
00b96	200	22496
00b97	200	20130
00b98	200	21752
00b99	200	20434
00b9a	200	21411
00b9b	200	21172
00b9c	200	19838
00b9d	200	19962
00b9e	200	21298
00b9f	200	20675
00ba0	200	19532
00ba1	200	20435
00ba2	200	21564
00ba3	200	18710
00ba4	200	21323
00ba5	200	20268
00ba6	200	20432
00ba7	200	19957
00ba8	200	21568
00ba9	200	19611
00baa	200	20430
00bab	200	20589
00bac	200	22495
00bad	200	20662
00bae	200	19429
00baf	200	21258
00bb0	200	23515
00bb1	200	19882
00bb2	200	20513
00bb3	200	19565
00bb4	200	21528
00bb5	200	19336
00bb6	200	21329
00bb7	200	21439
00bb8	200	20747
00bb9	200	21833
00bba	200	21329
00bbb	200	21216
00bbc	200	21493
00bbd	200	20858
00bbe	200	21267
00bbf	200	20286
00bc0	200	21052
00bc1	200	21563
00bc2	200	21991
00bc3	200	20036
00bc4	200	19929
00bc5	200	20236
00bc6	200	20926
00bc7	200	20543
00bc8	200	21183
00bc9	200	19535
00bca	200	19534
00bcb	200	19728
00bcc	200	22266
00bcd	200	21374
00bce	200	20428
00bcf	200	21369
00bd0	200	20190
00bd1	200	20038
00bd2	200	20076
00bd3	200	20502
00bd4	200	20281
00bd5	200	20164
00bd6	200	21133
00bd7	200	22458
00bd8	200	20671
00bd9	200	20627
00bda	200	20325
00bdb	200	20656
00bdc	200	21904
00bdd	200	21692
00bde	200	21477
00bdf	200	20981
00be0	200	20085
00be1	200	21837
00be2	200	21264
00be3	200	20935
00be4	200	21225
00be5	200	19917
00be6	200	19918
00be7	200	20053
00be8	200	20701
00be9	200	21595
00bea	200	19115
00beb	200	20274
00bec	200	21178
00bed	200	19686
00bee	200	21951
00bef	200	20430
00bf0	200	21217
00bf1	200	20037
00bf2	200	21204
00bf3	200	21688
00bf4	200	21053
00bf5	200	19488
00bf6	200	19847
00bf7	200	21065
00bf8	200	21497
00bf9	200	21672
00bfa	200	19568
00bfb	200	20538
00bfc	200	17772
00bfd	200	20853
00bfe	200	20626
00bff	200	20633
00c00	200	22350
00c01	200	20429
00c02	200	19141
00c03	200	20481
00c04	200	20587
00c05	200	20578
00c06	200	20983
00c07	200	20356
00c08	200	21337
00c09	200	21333
00c0a	200	20578
00c0b	200	20433
00c0c	200	21286
00c0d	200	21875
00c0e	200	20039
00c0f	200	20780
00c10	200	20705
00c11	200	20666
00c12	200	20892
00c13	200	19964
00c14	200	21527
00c15	200	20149
00c16	200	19177
00c17	200	19611
00c18	200	21754
00c19	200	20071
00c1a	200	19498
00c1b	200	19893
00c1c	200	20978
00c1d	200	22462
00c1e	200	20828
00c1f	200	22808
00c20	200	20596
00c21	200	21250
00c22	200	21486
00c23	200	20388
00c24	200	20930
00c25	200	20746
00c26	200	20147
00c27	200	21127
00c28	200	20436
00c29	200	18709
00c2a	200	21594
00c2b	200	21337
00c2c	200	21011
00c2d	200	20440
00c2e	200	19481
00c2f	200	21793
00c30	200	20889
00c31	200	19921
00c32	200	20157
00c33	200	21140
00c34	200	20188
00c35	200	21240
00c36	200	21285
00c37	200	21056
00c38	200	20817
00c39	200	20313
00c3a	200	19463
00c3b	200	22304
00c3c	200	22816
00c3d	200	19291
00c3e	200	19486
00c3f	200	20544
00c40	200	22545
00c41	200	20505
00c42	200	21605
00c43	200	21019
00c44	200	21404
00c45	200	20860
00c46	200	21061
00c47	200	20784
00c48	200	20548
00c49	200	20357
00c4a	200	20160
00c4b	200	20962
00c4c	200	19996
00c4d	200	22267
00c4e	200	19335
00c4f	200	21326
00c50	200	20741
00c51	200	19253
00c52	200	20280
00c53	200	20937
00c54	200	21517
00c55	200	20548
00c56	200	19638
00c57	200	21411
00c58	200	21047
00c59	200	20742
00c5a	200	19764
00c5b	200	20901
00c5c	200	20278
00c5d	200	20227
00c5e	200	19175
00c5f	200	21472
00c60	200	21101
00c61	200	21686
00c62	200	20388
00c63	200	22382
00c64	200	21798
00c65	200	20202
00c66	200	20777
00c67	200	19883
00c68	200	22184
00c69	200	20195
00c6a	200	21028
00c6b	200	21998
00c6c	200	21954
00c6d	200	20156
00c6e	200	20650
00c6f	200	20660
00c70	200	19879
00c71	200	19568
00c72	200	20904
00c73	200	20541
00c74	200	20748
00c75	200	21483
00c76	200	22382
00c77	200	19216
00c78	200	21205
00c79	200	21442
00c7a	200	20233
00c7b	200	22036
00c7c	200	19570
00c7d	200	19725
00c7e	200	20931
00c7f	200	20312
00c80	200	21214
00c81	200	20358
00c82	200	21998
00c83	200	20515
00c84	200	20673
00c85	200	22391
00c86	200	21888
00c87	200	20116
00c88	200	19507
00c89	200	21216
00c8a	200	20271
00c8b	200	21513
00c8c	200	19497
00c8d	200	20701
00c8e	200	21174
00c8f	200	20975
00c90	200	20396
00c91	200	19805
00c92	200	21305
00c93	200	19488
00c94	200	21140
00c95	200	21093
00c96	200	20434
00c97	200	20316
00c98	200	20276
00c99	200	20279
00c9a	200	19032
00c9b	200	21091
00c9c	200	19528
00c9d	200	19818
00c9e	200	20121
00c9f	200	20927
00ca0	200	21126
00ca1	200	20391
00ca2	200	20274
00ca3	200	21487
00ca4	200	19769
00ca5	200	22353
00ca6	200	20776
00ca7	200	20520
00ca8	200	21214
00ca9	200	19776
00caa	200	20586
00cab	200	21054
00cac	200	19605
00cad	200	19724
00cae	200	20630
00caf	200	19997
00cb0	200	20824
00cb1	200	19331
00cb2	200	20105
00cb3	200	20698
00cb4	200	20894
00cb5	200	19379
00cb6	200	19651
00cb7	200	22496
00cb8	200	19696
00cb9	200	19612
00cba	200	19878
00cbb	200	20702
00cbc	200	20318
00cbd	200	20584
00cbe	200	20780
00cbf	200	20053
00cc0	200	21278
00cc1	200	20461
00cc2	200	21135
00cc3	200	20435
00cc4	200	21570
00cc5	200	20362
00cc6	200	19645
00cc7	200	21908
00cc8	200	21168
00cc9	200	20162
00cca	200	20508
00ccb	200	21221
00ccc	200	22690
00ccd	200	20897
00cce	200	21057
00ccf	200	21415
00cd0	200	19691
00cd1	200	19816
00cd2	200	21491
00cd3	200	18515
00cd4	200	20241
00cd5	200	20502
00cd6	200	23044
00cd7	200	21009
00cd8	200	21045
00cd9	200	21921
00cda	200	20231
00cdb	200	20898
00cdc	200	19608
00cdd	200	20973
00cde	200	21684
00cdf	200	21400
00ce0	200	20356
00ce1	200	21566
00ce2	200	21677
00ce3	200	20539
00ce4	200	18396
00ce5	200	21608
00ce6	200	21142
00ce7	200	19177
00ce8	200	20906
00ce9	200	21040
00cea	200	21005
00ceb	200	22037
00cec	200	19848
00ced	200	20164
00cee	200	21754
00cef	200	20233
00cf0	200	20477
00cf1	200	20543
00cf2	200	20982
00cf3	200	19613
00cf4	200	19294
00cf5	200	20590
00cf6	200	20465
00cf7	200	20312
00cf8	200	19764
00cf9	200	18448
00cfa	200	21561
00cfb	200	19688
00cfc	200	20976
00cfd	200	21086
00cfe	200	19923
00cff	200	19958
00d00	200	22331
00d01	200	21249
00d02	200	22782
00d03	200	21179
00d04	200	21878
00d05	200	21329
00d06	200	20585
00d07	200	20815
00d08	200	20195
00d09	200	20824
00d0a	200	20949
00d0b	200	20657
00d0c	200	22346
00d0d	200	20279
00d0e	200	20078
00d0f	200	21676
00d10	200	19808
00d11	200	20868
00d12	200	19926
00d13	200	20698
00d14	200	21179
00d15	200	20582
00d16	200	20466
00d17	200	20316
00d18	200	20162
00d19	200	20509
00d1a	200	20815
00d1b	200	21569
00d1c	200	20818
00d1d	200	19043
00d1e	200	20475
00d1f	200	20710
00d20	200	19730
00d21	200	20312
00d22	200	20941
00d23	200	19329
00d24	200	20038
00d25	200	20041
00d26	200	21249
00d27	200	21647
00d28	200	20159
00d29	200	19264
00d2a	200	21405
00d2b	200	21524
00d2c	200	21324
00d2d	200	19658
00d2e	200	20402
00d2f	200	19306
00d30	200	21045
00d31	200	19849
00d32	200	21165
00d33	200	20864
00d34	200	20073
00d35	200	20469
00d36	200	20895
00d37	200	20229
00d38	200	21245
00d39	200	20823
00d3a	200	22184
00d3b	200	21675
00d3c	200	20342
00d3d	200	20863
00d3e	200	20508
00d3f	200	20905
00d40	200	20969
00d41	200	20547
00d42	200	20746
00d43	200	19766
00d44	200	20942
00d45	200	20559
00d46	200	21167
00d47	200	19970
00d48	200	22070
00d49	200	21513
00d4a	200	21611
00d4b	200	20897
00d4c	200	21013
00d4d	200	20782
00d4e	200	22106
00d4f	200	20503
00d50	200	21057
00d51	200	20449
00d52	200	19765
00d53	200	21048
00d54	200	20438
00d55	200	20515
00d56	200	20107
00d57	200	20437
00d58	200	22495
00d59	200	19574
00d5a	200	19847
00d5b	200	20589
00d5c	200	21528
00d5d	200	19965
00d5e	200	21137
00d5f	200	22346
00d60	200	20272
00d61	200	20630
00d62	200	19998
00d63	200	21051
00d64	200	19793
00d65	200	19541
00d66	200	20940
00d67	200	19028
00d68	200	21439
00d69	200	20469
00d6a	200	20702
00d6b	200	20776
00d6c	200	19609
00d6d	200	21569
00d6e	200	18748
00d6f	200	20158
00d70	200	20422
00d71	200	21021
00d72	200	21263
00d73	200	21366
00d74	200	19462
00d75	200	20480
00d76	200	21526
00d77	200	20126
00d78	200	22345
00d79	200	19932
00d7a	200	21014
00d7b	200	21672
00d7c	200	21172
00d7d	200	20701
00d7e	200	21255
00d7f	200	21916
00d80	200	19019
00d81	200	22227
00d82	200	22148
00d83	200	20557
00d84	200	21453
00d85	200	20614
00d86	200	20826
00d87	200	20858
00d88	200	19372
00d89	200	21119
00d8a	200	22070
00d8b	200	20671
00d8c	200	21643
00d8d	200	20815
00d8e	200	20235
00d8f	200	19972
00d90	200	20751
00d91	200	21521
00d92	200	20090
00d93	200	20829
00d94	200	21490
00d95	200	20470
00d96	200	21069
00d97	200	21128
00d98	200	20110
00d99	200	21262
00d9a	200	21594
00d9b	200	20825
00d9c	200	19995
00d9d	200	21526
00d9e	200	20658
00d9f	200	19845
00da0	200	21219
00da1	200	20932
00da2	200	22072
00da3	200	21094
00da4	200	21206
00da5	200	20430
00da6	200	21823
00da7	200	20272
00da8	200	21174
00da9	200	22143
00daa	200	21293
00dab	200	21444
00dac	200	23094
00dad	200	22032
00dae	200	20550
00daf	200	20632
00db0	200	21282
00db1	200	20755
00db2	200	20592
00db3	200	21015
00db4	200	21646
00db5	200	20548
00db6	200	19833
00db7	200	20265
00db8	200	19769
00db9	200	20871
00dba	200	20110
00dbb	200	21797
00dbc	200	19540
00dbd	200	20901
00dbe	200	21211
00dbf	200	20744
00dc0	200	20444
00dc1	200	20891
00dc2	200	21517
00dc3	200	22188
00dc4	200	21488
00dc5	200	21137
00dc6	200	19847
00dc7	200	20108
00dc8	200	20906
00dc9	200	20313
00dca	200	19213
00dcb	200	20162
00dcc	200	21445
00dcd	200	22099
00dce	200	21530
00dcf	200	20522
00dd0	200	20076
00dd1	200	21798
00dd2	200	19928
00dd3	200	21955
00dd4	200	20423
00dd5	200	20116
00dd6	200	19543
00dd7	200	22108
00dd8	200	21572
00dd9	200	20352
00dda	200	19501
00ddb	200	20625
00ddc	200	21677
00ddd	200	19574
00dde	200	20626
00ddf	200	20818
00de0	200	22338
00de1	200	19409
00de2	200	20981
00de3	200	21533
00de4	200	20830
00de5	200	20670
00de6	200	20445
00de7	200	20365
00de8	200	22497
00de9	200	19289
00dea	200	20394
00deb	200	20317
00dec	200	20465
00ded	200	22231
00dee	200	20041
00def	200	19294
00df0	200	20290
00df1	200	21408
00df2	200	20630
00df3	200	20946
00df4	200	19999
00df5	200	20190
00df6	200	21106
00df7	200	18919
00df8	200	20933
00df9	200	20623
00dfa	200	20388
00dfb	200	19897
00dfc	200	20591
00dfd	200	21599
00dfe	200	21600
00dff	200	22550
00e00	200	20430
00e01	200	21420
00e02	200	19763
00e03	200	20359
00e04	200	19805
00e05	200	19766
00e06	200	21172
00e07	200	19058
00e08	200	21996
00e09	200	20002
00e0a	200	21639
00e0b	200	21913
00e0c	200	20274
00e0d	200	21638
00e0e	200	22193
00e0f	200	20264
00e10	200	22928
00e11	200	19541
00e12	200	21372
00e13	200	22304
00e14	200	21298
00e15	200	21646
00e16	200	20386
00e17	200	20864
00e18	200	20668
00e19	200	21213
00e1a	200	21721
00e1b	200	20033
00e1c	200	20443
00e1d	200	22009
00e1e	200	20980
00e1f	200	21371
00e20	200	22021
00e21	200	21014
00e22	200	21289
00e23	200	19099
00e24	200	22114
00e25	200	19575
00e26	200	19962
00e27	200	21253
00e28	200	20777
00e29	200	19062
00e2a	200	20751
00e2b	200	21297
00e2c	200	22221
00e2d	200	21131
00e2e	200	20318
00e2f	200	19653
00e30	200	19803
00e31	200	20690
00e32	200	21145
00e33	200	22469
00e34	200	21757
00e35	200	20305
00e36	200	19732
00e37	200	19692
00e38	200	20040
00e39	200	23251
00e3a	200	18518
00e3b	200	21062
00e3c	200	20972
00e3d	200	20239
00e3e	200	20388
00e3f	200	20943
00e40	200	20049
00e41	200	19298
00e42	200	20152
00e43	200	20237
00e44	200	22134
00e45	200	21212
00e46	200	21682
00e47	200	18598
00e48	200	19420
00e49	200	21602
00e4a	200	20858
00e4b	200	20395
00e4c	200	20226
00e4d	200	22464
00e4e	200	20148
00e4f	200	19574
00e50	200	20859
00e51	200	19262
00e52	200	22847
00e53	200	21444
00e54	200	19565
00e55	200	21210
00e56	200	22615
00e57	200	21204
00e58	200	20702
00e59	200	21214
00e5a	200	21172
00e5b	200	21678
00e5c	200	19728
00e5d	200	20664
00e5e	200	20040
00e5f	200	21256
00e60	200	20155
00e61	200	19269
00e62	200	20440
00e63	200	20744
00e64	200	22335
00e65	200	20195
00e66	200	21213
00e67	200	20713
00e68	200	20383
00e69	200	20195
00e6a	200	21443
00e6b	200	21708
00e6c	200	20113
00e6d	200	21105
00e6e	200	19184
00e6f	200	22224
00e70	200	21255
00e71	200	20900
00e72	200	21095
00e73	200	21450
00e74	200	20811
00e75	200	22342
00e76	200	21756
00e77	200	21248
00e78	200	20914
00e79	200	22073
00e7a	200	21016
00e7b	200	20856
00e7c	200	20388
00e7d	200	21248
00e7e	200	21456
00e7f	200	19531
00e80	200	20581
00e81	200	21731
00e82	200	21047
00e83	200	21028
00e84	200	21126
00e85	200	20855
00e86	200	22649
00e87	200	21526
00e88	200	21100
00e89	200	22193
00e8a	200	20315
00e8b	200	21012
00e8c	200	18629
00e8d	200	19133
00e8e	200	21572
00e8f	200	20657
00e90	200	21096
00e91	200	21879
00e92	200	21058
00e93	200	21285
00e94	200	21798
00e95	200	21401
00e96	200	20152
00e97	200	21060
00e98	200	21034
00e99	200	19995
00e9a	200	18868
00e9b	200	20982
00e9c	200	19728
00e9d	200	20242
00e9e	200	20941
00e9f	200	18008
00ea0	200	21095
00ea1	200	19897
00ea2	200	21786
00ea3	200	20462
00ea4	200	21458
00ea5	200	21769
00ea6	200	20001
00ea7	200	21014
00ea8	200	19369
00ea9	200	19064
00eaa	200	20152
00eab	200	21799
00eac	200	20165
00ead	200	21095
00eae	200	20707
00eaf	200	20512
00eb0	200	21530
00eb1	200	22264
00eb2	200	22931
00eb3	200	18914
00eb4	200	20155
00eb5	200	21163
00eb6	200	19415
00eb7	200	21434
00eb8	200	19610
00eb9	200	19374
00eba	200	20904
00ebb	200	19385
00ebc	200	21256
00ebd	200	21337
00ebe	200	19728
00ebf	200	20900
00ec0	200	20785
00ec1	200	20191
00ec2	200	21256
00ec3	200	21452
00ec4	200	21302
00ec5	200	21018
00ec6	200	22227
00ec7	200	20344
00ec8	200	20236
00ec9	200	21487
00eca	200	20858
00ecb	200	19531
00ecc	200	22462
00ecd	200	20666
00ece	200	19951
00ecf	200	20395
00ed0	200	19371
00ed1	200	21564
00ed2	200	20821
00ed3	200	20307
00ed4	200	20432
00ed5	200	20547
00ed6	200	21454
00ed7	200	20090
00ed8	200	21335
00ed9	200	20942
00eda	200	21409
00edb	200	20076
00edc	200	20941
00edd	200	19872
00ede	200	19496
00edf	200	20819
00ee0	200	21174
00ee1	200	20038
00ee2	200	21563
00ee3	200	19616
00ee4	200	19495
00ee5	200	19961
00ee6	200	20977
00ee7	200	21395
00ee8	200	21119
00ee9	200	21290
00eea	200	20185
00eeb	200	21416
00eec	200	21771
00eed	200	20821
00eee	200	20968
00eef	200	19609
00ef0	200	20595
00ef1	200	22879
00ef2	200	21141
00ef3	200	20509
00ef4	200	21837
00ef5	200	21011
00ef6	200	21291
00ef7	200	19881
00ef8	200	20971
00ef9	200	19879
00efa	200	19614
00efb	200	19264
00efc	200	20181
00efd	200	19804
00efe	200	21720
00eff	200	20190
00f00	200	20002
00f01	200	20012
00f02	200	20468
00f03	200	23037
00f04	200	19495
00f05	200	19999
00f06	200	21988
00f07	200	20508
00f08	200	20693
00f09	200	22110
00f0a	200	19924
00f0b	200	22902
00f0c	200	19540
00f0d	200	21054
00f0e	200	21606
00f0f	200	19852
00f10	200	22307
00f11	200	21132
00f12	200	18971
00f13	200	21527
00f14	200	21092
00f15	200	19804
00f16	200	18945
00f17	200	20822
00f18	200	21097
00f19	200	19607
00f1a	200	21011
00f1b	200	21679
00f1c	200	20717
00f1d	200	20629
00f1e	200	20280
00f1f	200	19997
00f20	200	20240
00f21	200	19562
00f22	200	19959
00f23	200	20465
00f24	200	21284
00f25	200	19607
00f26	200	20433
00f27	200	21950
00f28	200	20352
00f29	200	20619
00f2a	200	20348
00f2b	200	20793
00f2c	200	21497
00f2d	200	19734
00f2e	200	19729
00f2f	200	19920
00f30	200	20977
00f31	200	19572
00f32	200	21128
00f33	200	20663
00f34	200	19459
00f35	200	20853
00f36	200	20399
00f37	200	20777
00f38	200	21139
00f39	200	19458
00f3a	200	20326
00f3b	200	20583
00f3c	200	21137
00f3d	200	20662
00f3e	200	20164
00f3f	200	20476
00f40	200	19140
00f41	200	21366
00f42	200	21371
00f43	200	21090
00f44	200	20392
00f45	200	19303
00f46	200	20983
00f47	200	20344
00f48	200	20436
00f49	200	22032
00f4a	200	21956
00f4b	200	19462
00f4c	200	19880
00f4d	200	20865
00f4e	200	20351
00f4f	200	21332
00f50	200	20471
00f51	200	20807
00f52	200	20740
00f53	200	19027
00f54	200	20923
00f55	200	20908
00f56	200	19525
00f57	200	22258
00f58	200	20228
00f59	200	19762
00f5a	200	22316
00f5b	200	21536
00f5c	200	20391
00f5d	200	21021
00f5e	200	21088
00f5f	200	22388
00f60	200	21177
00f61	200	22087
00f62	200	19726
00f63	200	20387
00f64	200	18845
00f65	200	19932
00f66	200	20155
00f67	200	21484
00f68	200	21178
00f69	200	20474
00f6a	200	21171
00f6b	200	20154
00f6c	200	20509
00f6d	200	22454
00f6e	200	22427
00f6f	200	21837
00f70	200	20079
00f71	200	19530
00f72	200	20752
00f73	200	20118
00f74	200	20826
00f75	200	20159
00f76	200	21023
00f77	200	21671
00f78	200	20542
00f79	200	22433
00f7a	200	19410
00f7b	200	20905
00f7c	200	21529
00f7d	200	20231
00f7e	200	21760
00f7f	200	19337
00f80	200	22698
00f81	200	22305
00f82	200	20739
00f83	200	22154
00f84	200	20441
00f85	200	21760
00f86	200	19685
00f87	200	20192
00f88	200	21209
00f89	200	21443
00f8a	200	20119
00f8b	200	21523
00f8c	200	19722
00f8d	200	21268
00f8e	200	20510
00f8f	200	20671
00f90	200	22267
00f91	200	22035
00f92	200	20860
00f93	200	21248
00f94	200	20359
00f95	200	18551
00f96	200	21803
00f97	200	20791
00f98	200	20352
00f99	200	19877
00f9a	200	21523
00f9b	200	21950
00f9c	200	20790
00f9d	200	21745
00f9e	200	20857
00f9f	200	21093
00fa0	200	20082
00fa1	200	20823
00fa2	200	19500
00fa3	200	19800
00fa4	200	22308
00fa5	200	21528
00fa6	200	19995
00fa7	200	20045
00fa8	200	22114
00fa9	200	21484
00faa	200	20746
00fab	200	22926
00fac	200	20155
00fad	200	19608
00fae	200	21250
00faf	200	20075
00fb0	200	21642
00fb1	200	19959
00fb2	200	20945
00fb3	200	21089
00fb4	200	20468
00fb5	200	18241
00fb6	200	19453
00fb7	200	21403
00fb8	200	19806
00fb9	200	20826
00fba	200	21013
00fbb	200	22107
00fbc	200	20815
00fbd	200	20710
00fbe	200	20581
00fbf	200	20819
00fc0	200	20942
00fc1	200	20156
00fc2	200	20989
00fc3	200	20940
00fc4	200	20667
00fc5	200	19733
00fc6	200	20935
00fc7	200	20831
00fc8	200	20971
00fc9	200	20483
00fca	200	20551
00fcb	200	20744
00fcc	200	20385
00fcd	200	19335
00fce	200	20517
00fcf	200	20473
00fd0	200	19562
00fd1	200	20153
00fd2	200	20512
00fd3	200	21126
00fd4	200	19654
00fd5	200	19331
00fd6	200	20427
00fd7	200	20195
00fd8	200	22382
00fd9	200	21295
00fda	200	20666
00fdb	200	21643
00fdc	200	20159
00fdd	200	21923
00fde	200	21259
00fdf	200	20044
00fe0	200	20040
00fe1	200	20161
00fe2	200	21014
00fe3	200	20464
00fe4	200	20354
00fe5	200	20502
00fe6	200	19140
00fe7	200	19883
00fe8	200	20944
00fe9	200	20235
00fea	200	19257
00feb	200	20596
00fec	200	21167
00fed	200	20008
00fee	200	20370
00fef	200	20274
00ff0	200	20309
00ff1	200	20979
00ff2	200	19974
00ff3	200	21216
00ff4	200	20430
00ff5	200	19303
00ff6	200	20276
00ff7	200	19915
00ff8	200	19892
00ff9	200	20510
00ffa	200	19578
00ffb	200	20904
00ffc	200	20667
00ffd	200	20622
00ffe	200	20759
00fff	200	20046
01000	200	20545
01001	200	20593
01002	200	21447
01003	200	20934
01004	200	22308
01005	200	20276
01006	200	21409
01007	200	20623
01008	200	19845
01009	200	21175
0100a	200	20989
0100b	200	20668
0100c	200	20081
0100d	200	18831
0100e	200	19533
0100f	200	20462
01010	200	20316
01011	200	21403
01012	200	20163
01013	200	20354
01014	200	19527
01015	200	19459
01016	200	22189
01017	200	20650
01018	200	21171
01019	200	20158
0101a	200	20855
0101b	200	19841
0101c	200	20463
0101d	200	20119
0101e	200	21328
0101f	200	19880
01020	200	21054
01021	200	20200
01022	200	18945
01023	200	21213
01024	200	20541
01025	200	20934
01026	200	19728
01027	200	20232
01028	200	20316
01029	200	20669
0102a	200	21518
0102b	200	20550
0102c	200	22195
0102d	200	19615
0102e	200	21096
0102f	200	20319
01030	200	20589
01031	200	19684
01032	200	22894
01033	200	19144
01034	200	20268
01035	200	19768
01036	200	21017
01037	200	23001
01038	200	20193
01039	200	21097
0103a	200	20979
0103b	200	21955
0103c	200	20123
0103d	200	20742
0103e	200	19534
0103f	200	23523
01040	200	20394
01041	200	20750
01042	200	20704
01043	200	20545
01044	200	21682
01045	200	20170
01046	200	21365
01047	200	18781
01048	200	20462
01049	200	18396
0104a	200	22391
0104b	200	21440
0104c	200	20045
0104d	200	20750
0104e	200	21210
0104f	200	21161
01050	200	19879
01051	200	22339
01052	200	19724
01053	200	18487
01054	200	21636
01055	200	21604
01056	200	21130
01057	200	19457
01058	200	21020
01059	200	20739
0105a	200	21720
0105b	200	21404
0105c	200	20979
0105d	200	18839
0105e	200	20860
0105f	200	20036
01060	200	21250
01061	200	20154
01062	200	21882
01063	200	21011
01064	200	21242
01065	200	20430
01066	200	22234
01067	200	20707
01068	200	21338
01069	200	20507
0106a	200	20772
0106b	200	22692
0106c	200	19993
0106d	200	19388
0106e	200	20826
0106f	200	19150
01070	200	21240
01071	200	19732
01072	200	20206
01073	200	20744
01074	200	21287
01075	200	21106
01076	200	20272
01077	200	21256
01078	200	21017
01079	200	20990
0107a	200	19933
0107b	200	20365
0107c	200	21090
0107d	200	19656
0107e	200	19080
0107f	200	20709
01080	200	20946
01081	200	20944
01082	200	20538
01083	200	19991
01084	200	20936
01085	200	22148
01086	200	21142
01087	200	21098
01088	200	21132
01089	200	19334
0108a	200	19098
0108b	200	21006
0108c	200	19885
0108d	200	21273
0108e	200	21688
0108f	200	20234
01090	200	20042
01091	200	22254
01092	200	20863
01093	200	20986
01094	200	21603
01095	200	20503
01096	200	19953
01097	200	19683
01098	200	20897
01099	200	20894
0109a	200	21214
0109b	200	20316
0109c	200	20897
0109d	200	20313
0109e	200	20679
0109f	200	19804
010a0	200	20898
010a1	200	21135
010a2	200	20042
010a3	200	18876
010a4	200	19923
010a5	200	21008
010a6	200	19220
010a7	200	21414
010a8	200	21061
010a9	200	19026
010aa	200	21292
010ab	200	20543
010ac	200	21215
010ad	200	21825
010ae	200	20891
010af	200	20387
010b0	200	19489
010b1	200	20105
010b2	200	20661
010b3	200	20047
010b4	200	20628
010b5	200	21215
010b6	200	21341
010b7	200	19252
010b8	200	19971
010b9	200	23830
010ba	200	20429
010bb	200	20001
010bc	200	21370
010bd	200	20780
010be	200	20515
010bf	200	20237
010c0	200	22075
010c1	200	21051
010c2	200	20702
010c3	200	18878
010c4	200	19995
010c5	200	21045
010c6	200	21374
010c7	200	20352
010c8	200	20911
010c9	200	19488
010ca	200	21219
010cb	200	19960
010cc	200	21255
010cd	200	22273
010ce	200	20771
010cf	200	20631
010d0	200	22309
010d1	200	21840
010d2	200	21333
010d3	200	20632
010d4	200	19883
010d5	200	20703
010d6	200	20165
010d7	200	20668
010d8	200	20088
010d9	200	20734
010da	200	20274
010db	200	22110
010dc	200	20941
010dd	200	19444
010de	200	20776
010df	200	21697
010e0	200	20014
010e1	200	20349
010e2	200	21448
010e3	200	21059
010e4	200	20897
010e5	200	20927
010e6	200	22186
010e7	200	19486
010e8	200	20941
010e9	200	23021
010ea	200	21954
010eb	200	21652
010ec	200	20285
010ed	200	19800
010ee	200	20969
010ef	200	20235
010f0	200	22072
010f1	200	20088
010f2	200	20040
010f3	200	20232
010f4	200	20354
010f5	200	20784
010f6	200	21584
010f7	200	19494
010f8	200	22104
010f9	200	18479
010fa	200	19304
010fb	200	21103
010fc	200	21637
010fd	200	20113
010fe	200	20351
010ff	200	22969
01100	200	19720
01101	200	18981
01102	200	21953
01103	200	19766
01104	200	20977
01105	200	20154
01106	200	22032
01107	200	22157
01108	200	20455
01109	200	20320
0110a	200	21286
0110b	200	21763
0110c	200	20816
0110d	200	20310
0110e	200	22532
0110f	200	20145
01110	200	19656
01111	200	19334
01112	200	19002
01113	200	18396
01114	200	21359
01115	200	19635
01116	200	19816
01117	200	20042
01118	200	20274
01119	200	21598
0111a	200	20075
0111b	200	20591
0111c	200	21493
0111d	200	21671
0111e	200	18137
0111f	200	22032
01120	200	19806
01121	200	20716
01122	200	20555
01123	200	22490
01124	200	21366
01125	200	21643
01126	200	21326
01127	200	21450
01128	200	19972
01129	200	19102
0112a	200	21016
0112b	200	18867
0112c	200	22070
0112d	200	20386
0112e	200	19250
0112f	200	20114
01130	200	21089
01131	200	20400
01132	200	21278
01133	200	18678
01134	200	19685
01135	200	21169
01136	200	20233
01137	200	21482
01138	200	20113
01139	200	19923
0113a	200	23004
0113b	200	21092
0113c	200	19682
0113d	200	22999
0113e	200	21493
0113f	200	21565
01140	200	21048
01141	200	20700
01142	200	19299
01143	200	20345
01144	200	20304
01145	200	20937
01146	200	21014
01147	200	19843
01148	200	21028
01149	200	21252
0114a	200	20301
0114b	200	20806
0114c	200	20125
0114d	200	21285
0114e	200	21251
0114f	200	18824
01150	200	21793
01151	200	21131
01152	200	21049
01153	200	20933
01154	200	20700
01155	200	20392
01156	200	20155
01157	200	20618
01158	200	20351
01159	200	21110
0115a	200	21730
0115b	200	19806
0115c	200	20739
0115d	200	21680
0115e	200	20778
0115f	200	20205
01160	200	21209
01161	200	20317
01162	200	19456
01163	200	20202
01164	200	19732
01165	200	20229
01166	200	19913
01167	200	19879
01168	200	22066
01169	200	20864
0116a	200	20745
0116b	200	21596
0116c	200	21015
0116d	200	21453
0116e	200	20431
0116f	200	22266
01170	200	19459
01171	200	20156
01172	200	19488
01173	200	20434
01174	200	20193
01175	200	21023
01176	200	19257
01177	200	21131
01178	200	21254
01179	200	20930
0117a	200	21225
0117b	200	20392
0117c	200	21655
0117d	200	20968
0117e	200	21438
0117f	200	20968
01180	200	20543
01181	200	20750
01182	200	19730
01183	200	21765
01184	200	19845
01185	200	20469
01186	200	20703
01187	200	21497
01188	200	21404
01189	200	20191
0118a	200	22427
0118b	200	20827
0118c	200	20946
0118d	200	20392
0118e	200	21766
0118f	200	20040
01190	200	21263
01191	200	22000
01192	200	22463
01193	200	21599
01194	200	21827
01195	200	21870
01196	200	20627
01197	200	20738
01198	200	20157
01199	200	21129
0119a	200	21215
0119b	200	20227
0119c	200	20155
0119d	200	20317
0119e	200	20899
0119f	200	18862
011a0	200	19254
011a1	200	20896
011a2	200	21049
011a3	200	22273
011a4	200	20393
011a5	200	19032
011a6	200	19459
011a7	200	20900
011a8	200	20631
011a9	200	22306
011aa	200	22145
011ab	200	21412
011ac	200	20201
011ad	200	20618
011ae	200	21370
011af	200	20306
011b0	200	20546
011b1	200	21248
011b2	200	21096
011b3	200	21062
011b4	200	21128
011b5	200	20390
011b6	200	20592
011b7	200	20426
011b8	200	19963
011b9	200	19180
011ba	200	19689
011bb	200	20002
011bc	200	20746
011bd	200	20309
011be	200	20001
011bf	200	17741
011c0	200	22162
011c1	200	21879
011c2	200	20230
011c3	200	20007
011c4	200	21762
011c5	200	19646
011c6	200	21133
011c7	200	20509
011c8	200	20359
011c9	200	20468
011ca	200	20542
011cb	200	20433
011cc	200	22341
011cd	200	21402
011ce	200	20787
011cf	200	21371
011d0	200	21642
011d1	200	21046
011d2	200	18786
011d3	200	20153
011d4	200	20588
011d5	200	21444
011d6	200	20783
011d7	200	20547
011d8	200	19343
011d9	200	20825
011da	200	22037
011db	200	20631
011dc	200	20301
011dd	200	19895
011de	200	19842
011df	200	20424
011e0	200	21135
011e1	200	20587
011e2	200	20377
011e3	200	21677
011e4	200	20466
011e5	200	22106
011e6	200	20422
011e7	200	20668
011e8	200	20903
011e9	200	20935
011ea	200	22464
011eb	200	21363
011ec	200	21051
011ed	200	22067
011ee	200	20467
011ef	200	20080
011f0	200	20177
011f1	200	21413
011f2	200	21407
011f3	200	20979
011f4	200	21576
011f5	200	21007
011f6	200	20229
011f7	200	21442
011f8	200	21641
011f9	200	20613
011fa	200	20235
011fb	200	21755
011fc	200	19259
011fd	200	19924
011fe	200	19509
011ff	200	19651
01200	200	19919
01201	200	20120
01202	200	20522
01203	200	20624
01204	200	20282
01205	200	21797
01206	200	21009
01207	200	21018
01208	200	20435
01209	200	20505
0120a	200	19663
0120b	200	20833
0120c	200	20732
0120d	200	20276
0120e	200	21025
0120f	200	20742
01210	200	20776
01211	200	21141
01212	200	19878
01213	200	19729
01214	200	21139
01215	200	20192
01216	200	20386
01217	200	20346
01218	200	21559
01219	200	20463
0121a	200	18638
0121b	200	21292
0121c	200	21492
0121d	200	21875
0121e	200	21847
0121f	200	20481
01220	200	20009
01221	200	19889
01222	200	20970
01223	200	20854
01224	200	19424
01225	200	19991
01226	200	19913
01227	200	21995
01228	200	20427
01229	200	18330
0122a	200	21250
0122b	200	21526
0122c	200	19851
0122d	200	21018
0122e	200	21094
0122f	200	20582
01230	200	20385
01231	200	19525
01232	200	20632
01233	200	20742
01234	200	21674
01235	200	20149
01236	200	21451
01237	200	21908
01238	200	19527
01239	200	20203
0123a	200	20636
0123b	200	21920
0123c	200	21495
0123d	200	22698
0123e	200	21597
0123f	200	21684
01240	200	20352
01241	200	18788
01242	200	21297
01243	200	21852
01244	200	21032
01245	200	20663
01246	200	20083
01247	200	20979
01248	200	20656
01249	200	22420
0124a	200	21446
0124b	200	20619
0124c	200	19869
0124d	200	20969
0124e	200	20236
0124f	200	20905
01250	200	20391
01251	200	19889
01252	200	19378
01253	200	19487
01254	200	20866
01255	200	21404
01256	200	20201
01257	200	19413
01258	200	20121
01259	200	20543
0125a	200	20976
0125b	200	21340
0125c	200	20633
0125d	200	19575
0125e	200	20351
0125f	200	19655
01260	200	21683
01261	200	21564
01262	200	21228
01263	200	20389
01264	200	21205
01265	200	19412
01266	200	20672
01267	200	20901
01268	200	20277
01269	200	22049
0126a	200	21252
0126b	200	20750
0126c	200	20235
0126d	200	21668
0126e	200	20515
0126f	200	22080
01270	200	20165
01271	200	20746
01272	200	19806
01273	200	22345
01274	200	20434
01275	200	21966
01276	200	21450
01277	200	21052
01278	200	20782
01279	200	19521
0127a	200	21248
0127b	200	21023
0127c	200	20233
0127d	200	20755
0127e	200	20194
0127f	200	19733
01280	200	21408
01281	200	20628
01282	200	19925
01283	200	20159
01284	200	21208
01285	200	20973
01286	200	20666
01287	200	19729
01288	200	20116
01289	200	20326
0128a	200	20509
0128b	200	21102
0128c	200	20662
0128d	200	21603
0128e	200	21327
0128f	200	21365
01290	200	20782
01291	200	19960
01292	200	21838
01293	200	19684
01294	200	20234
01295	200	20188
01296	200	22465
01297	200	18438
01298	200	18610
01299	200	21053
0129a	200	19805
0129b	200	21925
0129c	200	21126
0129d	200	20517
0129e	200	21257
0129f	200	19885
012a0	200	21397
012a1	200	19834
012a2	200	19996
012a3	200	22074
012a4	200	19642
012a5	200	20937
012a6	200	21452
012a7	200	20354
012a8	200	20823
012a9	200	20740
012aa	200	20510
012ab	200	20579
012ac	200	20988
012ad	200	21762
012ae	200	20037
012af	200	21640
012b0	200	20938
012b1	200	20973
012b2	200	21214
012b3	200	19491
012b4	200	21600
012b5	200	19998
012b6	200	20392
012b7	200	20782
012b8	200	21330
012b9	200	21599
012ba	200	21286
012bb	200	20467
012bc	200	22273
012bd	200	20823
012be	200	20507
012bf	200	20975
012c0	200	22033
012c1	200	20746
012c2	200	21566
012c3	200	22180
012c4	200	20517
012c5	200	20274
012c6	200	21724
012c7	200	19999
012c8	200	20087
012c9	200	21172
012ca	200	20473
012cb	200	18950
012cc	200	22582
012cd	200	21254
012ce	200	20784
012cf	200	21220
012d0	200	21140
012d1	200	22156
012d2	200	19756
012d3	200	20807
012d4	200	19339
012d5	200	20155
012d6	200	20822
012d7	200	20899
012d8	200	20575
012d9	200	19856
012da	200	19646
012db	200	20582
012dc	200	20742
012dd	200	18629
012de	200	19722
012df	200	21023
012e0	200	20749
012e1	200	21171
012e2	200	20041
012e3	200	21710
012e4	200	21244
012e5	200	20521
012e6	200	20897
012e7	200	20435
012e8	200	19969
012e9	200	21599
012ea	200	20260
012eb	200	21049
012ec	200	19691
012ed	200	21214
012ee	200	21058
012ef	200	21285
012f0	200	19914
012f1	200	22357
012f2	200	20435
012f3	200	19292
012f4	200	21212
012f5	200	20320
012f6	200	20354
012f7	200	21378
012f8	200	20272
012f9	200	19417
012fa	200	20713
012fb	200	21639
012fc	200	21916
012fd	200	19684
012fe	200	20857
012ff	200	22319
01300	200	20224
01301	200	20231
01302	200	20080
01303	200	21809
01304	200	19967
01305	200	21224
01306	200	19579
01307	200	21367
01308	200	19457
01309	200	19256
0130a	200	19538
0130b	200	21603
0130c	200	19260
0130d	200	18710
0130e	200	21793
0130f	200	21132
01310	200	20002
01311	200	19968
01312	200	20845
01313	200	21171
01314	200	21637
01315	200	20392
01316	200	19532
01317	200	21287
01318	200	21171
01319	200	20986
0131a	200	20349
0131b	200	20733
0131c	200	21604
0131d	200	20080
0131e	200	20895
0131f	200	20669
01320	200	20070
01321	200	20149
01322	200	22029
01323	200	21760
01324	200	19565
01325	200	20631
01326	200	22656
01327	200	20267
01328	200	21050
01329	200	20431
0132a	200	21797
0132b	200	21679
0132c	200	20581
0132d	200	20043
0132e	200	20706
0132f	200	19303
01330	200	21095
01331	200	19650
01332	200	19881
01333	200	20973
01334	200	21401
01335	200	18624
01336	200	21408
01337	200	21833
01338	200	20394
01339	200	20232
0133a	200	22471
0133b	200	19911
0133c	200	20472
0133d	200	19214
0133e	200	20705
0133f	200	21490
01340	200	20821
01341	200	21061
01342	200	20660
01343	200	19916
01344	200	21883
01345	200	21332
01346	200	19641
01347	200	20157
01348	200	21299
01349	200	21952
0134a	200	20070
0134b	200	20674
0134c	200	20505
0134d	200	20087
0134e	200	21289
0134f	200	20010
01350	200	20590
01351	200	19453
01352	200	20233
01353	200	19959
01354	200	21444
01355	200	21484
01356	200	18984
01357	200	21677
01358	200	20047
01359	200	19253
0135a	200	20737
0135b	200	21844
0135c	200	20711
0135d	200	19334
0135e	200	20352
0135f	200	21682
01360	200	18988
01361	200	19650
01362	200	20194
01363	200	21528
01364	200	21601
01365	200	19954
01366	200	20390
01367	200	20822
01368	200	21085
01369	200	21590
0136a	200	20788
0136b	200	19808
0136c	200	20090
0136d	200	20745
0136e	200	19458
0136f	200	22190
01370	200	21125
01371	200	21568
01372	200	20662
01373	200	19801
01374	200	19687
01375	200	19720
01376	200	19881
01377	200	21330
01378	200	21640
01379	200	21207
0137a	200	21138
0137b	200	19609
0137c	200	21524
0137d	200	20860
0137e	200	19728
0137f	200	21866
01380	200	20700
01381	200	21365
01382	200	20739
01383	200	19809
01384	200	22233
01385	200	20514
01386	200	20077
01387	200	20008
01388	200	20949
01389	200	22067
0138a	200	21839
0138b	200	21019
0138c	200	19880
0138d	200	20563
0138e	200	21381
0138f	200	19658
01390	200	20853
01391	200	20154
01392	200	21208
01393	200	22463
01394	200	18829
01395	200	20311
01396	200	19929
01397	200	19579
01398	200	20476
01399	200	20237
0139a	200	21606
0139b	200	22264
0139c	200	20819
0139d	200	21099
0139e	200	21286
0139f	200	21051
013a0	200	21090
013a1	200	20582
013a2	200	20665
013a3	200	20158
013a4	200	20357
013a5	200	21756
013a6	200	22460
013a7	200	21557
013a8	200	20817
013a9	200	20436
013aa	200	20309
013ab	200	21131
013ac	200	20946
013ad	200	18783
013ae	200	20229
013af	200	19488
013b0	200	20168
013b1	200	20667
013b2	200	19634
013b3	200	19483
013b4	200	21324
013b5	200	21633
013b6	200	21614
013b7	200	19689
013b8	200	21408
013b9	200	21510
013ba	200	19798
013bb	200	20685
013bc	200	18133
013bd	200	21103
013be	200	19210
013bf	200	22308
013c0	200	19764
013c1	200	21096
013c2	200	22555
013c3	200	21633
013c4	200	20463
013c5	200	20585
013c6	200	19681
013c7	200	20823
013c8	200	18946
013c9	200	21559
013ca	200	19905
013cb	200	20500
013cc	200	20078
013cd	200	21796
013ce	200	19763
013cf	200	21013
013d0	200	19689
013d1	200	19839
013d2	200	20631
013d3	200	20472
013d4	200	19805
013d5	200	20351
013d6	200	21177
013d7	200	20352
013d8	200	21058
013d9	200	22029
013da	200	20473
013db	200	21683
013dc	200	21644
013dd	200	20664
013de	200	21606
013df	200	21723
013e0	200	20228
013e1	200	19347
013e2	200	21328
013e3	200	21879
013e4	200	21996
013e5	200	18869
013e6	200	21032
013e7	200	19506
013e8	200	20481
013e9	200	19290
013ea	200	20286
013eb	200	20614
013ec	200	21360
013ed	200	21401
013ee	200	19722
013ef	200	21255
013f0	200	20705
013f1	200	20555
013f2	200	21123
013f3	200	20981
013f4	200	18749
013f5	200	21482
013f6	200	21330
013f7	200	20438
013f8	200	21087
013f9	200	19339
013fa	200	20939
013fb	200	20119
013fc	200	19132
013fd	200	21585
013fe	200	21655
013ff	200	21682
01400	200	19930
01401	200	19777
01402	200	20660
01403	200	20621
01404	200	20673
01405	200	21371
01406	200	22318
01407	200	19506
01408	200	20046
01409	200	21088
0140a	200	21013
0140b	200	19606
0140c	200	20977
0140d	200	20234
0140e	200	21794
0140f	200	20436
01410	200	21020
01411	200	21727
01412	200	20468
01413	200	20234
01414	200	20473
01415	200	21551
01416	200	21128
01417	200	20437
01418	200	20626
01419	200	19918
0141a	200	21436
0141b	200	20896
0141c	200	19811
0141d	200	20975
0141e	200	20857
0141f	200	22590
01420	200	20271
01421	200	21317
01422	200	21056
01423	200	20077
01424	200	21177
01425	200	22746
01426	200	21796
01427	200	19955
01428	200	19379
01429	200	19609
0142a	200	21642
0142b	200	19804
0142c	200	19685
0142d	200	20445
0142e	200	20387
0142f	200	20440
01430	200	20200
01431	200	21724
01432	200	22219
01433	200	20242
01434	200	21956
01435	200	21524
01436	200	19883
01437	200	20864
01438	200	20320
01439	200	20941
0143a	200	20591
0143b	200	21175
0143c	200	21488
0143d	200	20934
0143e	200	20745
0143f	200	21325
01440	200	21441
01441	200	20818
01442	200	20345
01443	200	20351
01444	200	20078
01445	200	21176
01446	200	19615
01447	200	21090
01448	200	21282
01449	200	21442
0144a	200	20508
0144b	200	20045
0144c	200	22152
0144d	200	20906
0144e	200	21290
0144f	200	21720
01450	200	20273
01451	200	21094
01452	200	19527
01453	200	21261
01454	200	21414
01455	200	20941
01456	200	20781
01457	200	21880
01458	200	20390
01459	200	21562
0145a	200	21916
0145b	200	21414
0145c	200	20285
0145d	200	20390
0145e	200	20547
0145f	200	21004
01460	200	19295
01461	200	20678
01462	200	19491
01463	200	21404
01464	200	20206
01465	200	20814
01466	200	20671
01467	200	21178
01468	200	21067
01469	200	20075
0146a	200	21332
0146b	200	19726
0146c	200	20671
0146d	200	23008
0146e	200	20585
0146f	200	21026
01470	200	19688
01471	200	20634
01472	200	20191
01473	200	20159
01474	200	21404
01475	200	21749
01476	200	19692
01477	200	20441
01478	200	21298
01479	200	21174
0147a	200	20979
0147b	200	20663
0147c	200	21137
0147d	200	21636
0147e	200	21172
0147f	200	20115
01480	200	20510
01481	200	19753
01482	200	19498
01483	200	19133
01484	200	22787
01485	200	21922
01486	200	20782
01487	200	20632
01488	200	21325
01489	200	20402
0148a	200	21719
0148b	200	21755
0148c	200	21331
0148d	200	22143
0148e	200	20774
0148f	200	19421
01490	200	19695
01491	200	20980
01492	200	21553
01493	200	19534
01494	200	21105
01495	200	19459
01496	200	19943
01497	200	22111
01498	200	19073
01499	200	21022
0149a	200	20225
0149b	200	20469
0149c	200	20394
0149d	200	20202
0149e	200	20739
0149f	200	20831
014a0	200	19758
014a1	200	20377
014a2	200	20152
014a3	200	21252
014a4	200	22769
014a5	200	21359
014a6	200	22578
014a7	200	19690
014a8	200	19880
014a9	200	19299
014aa	200	21173
014ab	200	22217
014ac	200	19569
014ad	200	20584
014ae	200	21208
014af	200	20235
014b0	200	20541
014b1	200	20890
014b2	200	21493
014b3	200	20350
014b4	200	21295
014b5	200	21060
014b6	200	19332
014b7	200	20663
014b8	200	20851
014b9	200	22619
014ba	200	19375
014bb	200	20742
014bc	200	20910
014bd	200	20235
014be	200	20273
014bf	200	23163
014c0	200	20707
014c1	200	19760
014c2	200	19826
014c3	200	19459
014c4	200	18752
014c5	200	19733
014c6	200	20552
014c7	200	21259
014c8	200	20981
014c9	200	21211
014ca	200	21211
014cb	200	21799
014cc	200	20475
014cd	200	20002
014ce	200	20515
014cf	200	20674
014d0	200	20659
014d1	200	20479
014d2	200	22189
014d3	200	21679
014d4	200	20508
014d5	200	20195
014d6	200	21835
014d7	200	20703
014d8	200	20000
014d9	200	21613
014da	200	21377
014db	200	21013
014dc	200	20276
014dd	200	19690
014de	200	21759
014df	200	20708
014e0	200	17340
014e1	200	22112
014e2	200	19486
014e3	200	19063
014e4	200	19795
014e5	200	21366
014e6	200	21205
014e7	200	20223
014e8	200	20901
014e9	200	22659
014ea	200	19878
014eb	200	18629
014ec	200	19375
014ed	200	21646
014ee	200	19689
014ef	200	18128
014f0	200	20749
014f1	200	20994
014f2	200	19837
014f3	200	20660
014f4	200	20089
014f5	200	22657
014f6	200	19213
014f7	200	23055
014f8	200	19294
014f9	200	21212
014fa	200	20427
014fb	200	22465
014fc	200	21683
014fd	200	20233
014fe	200	22385
014ff	200	19887
01500	200	20474
01501	200	20504
01502	200	21338
01503	200	21605
01504	200	20788
01505	200	19253
01506	200	20714
01507	200	20939
01508	200	20233
01509	200	21131
0150a	200	21015
0150b	200	20743
0150c	200	20972
0150d	200	21528
0150e	200	21600
0150f	200	21594
01510	200	22222
01511	200	21633
01512	200	20315
01513	200	20421
01514	200	20231
01515	200	19723
01516	200	20198
01517	200	20584
01518	200	20683
01519	200	21362
0151a	200	20465
0151b	200	22386
0151c	200	19533
0151d	200	20698
0151e	200	19650
0151f	200	21170
01520	200	20276
01521	200	21288
01522	200	20900
01523	200	20671
01524	200	22766
01525	200	20867
01526	200	19486
01527	200	19975
01528	200	19648
01529	200	19294
0152a	200	20356
0152b	200	19570
0152c	200	20479
0152d	200	20312
0152e	200	20742
0152f	200	22344
01530	200	21636
01531	200	20742
01532	200	20314
01533	200	21486
01534	200	19695
01535	200	20944
01536	200	20830
01537	200	20354
01538	200	20038
01539	200	20359
0153a	200	20380
0153b	200	19817
0153c	200	21965
0153d	200	20862
0153e	200	21250
0153f	200	20710
01540	200	21450
01541	200	19537
01542	200	20358
01543	200	21485
01544	200	21811
01545	200	21132
01546	200	20424
01547	200	22150
01548	200	20551
01549	200	21790
0154a	200	21168
0154b	200	18828
0154c	200	21484
0154d	200	21565
0154e	200	20044
0154f	200	20894
01550	200	20034
01551	200	21765
01552	200	20655
01553	200	20002
01554	200	18119
01555	200	20988
01556	200	21764
01557	200	19723
01558	200	19725
01559	200	20434
0155a	200	20503
0155b	200	19570
0155c	200	20163
0155d	200	20745
0155e	200	20235
0155f	200	21436
01560	200	20552
01561	200	21135
01562	200	19448
01563	200	20708
01564	200	20555
01565	200	21017
01566	200	20239
01567	200	22028
01568	200	21293
01569	200	18901
0156a	200	19602
0156b	200	21871
0156c	200	19650
0156d	200	21595
0156e	200	20502
0156f	200	22229
01570	200	21092
01571	200	21643
01572	200	21720
01573	200	20777
01574	200	21052
01575	200	20824
01576	200	19142
01577	200	21911
01578	200	19129
01579	200	21994
0157a	200	21283
0157b	200	20119
0157c	200	20709
0157d	200	20625
0157e	200	21184
0157f	200	21133
01580	200	21874
01581	200	21356
01582	200	20126
01583	200	19762
01584	200	20855
01585	200	22624
01586	200	20093
01587	200	21101
01588	200	21823
01589	200	20003
0158a	200	21640
0158b	200	20941
0158c	200	21473
0158d	200	20119
0158e	200	21673
0158f	200	20973
01590	200	21165
01591	200	19999
01592	200	21525
01593	200	21253
01594	200	21252
01595	200	20426
01596	200	20548
01597	200	19378
01598	200	21717
01599	200	20123
0159a	200	20158
0159b	200	21442
0159c	200	20734
0159d	200	20784
0159e	200	20857
0159f	200	20712
015a0	200	19454
015a1	200	20905
015a2	200	20314
015a3	200	21056
015a4	200	22504
015a5	200	20344
015a6	200	19113
015a7	200	20322
015a8	200	20222
015a9	200	21254
015aa	200	19332
015ab	200	20504
015ac	200	20204
015ad	200	20519
015ae	200	20596
015af	200	19808
015b0	200	23333
015b1	200	21445
015b2	200	22342
015b3	200	20854
015b4	200	20477
015b5	200	20829
015b6	200	19483
015b7	200	21176
015b8	200	21644
015b9	200	20158
015ba	200	20784
015bb	200	20369
015bc	200	20535
015bd	200	20539
015be	200	18825
015bf	200	21244
015c0	200	20429
015c1	200	21449
015c2	200	22071
015c3	200	21798
015c4	200	19891
015c5	200	19765
015c6	200	20554
015c7	200	21480
015c8	200	21954
015c9	200	20041
015ca	200	21589
015cb	200	20356
015cc	200	21096
015cd	200	19776
015ce	200	19095
015cf	200	21226
015d0	200	21638
015d1	200	21343
015d2	200	20309
015d3	200	20464
015d4	200	20975
015d5	200	20586
015d6	200	20351
015d7	200	20713
015d8	200	19880
015d9	200	20391
015da	200	20394
015db	200	20974
015dc	200	20525
015dd	200	19959
015de	200	20434
015df	200	21960
015e0	200	22311
015e1	200	21843
015e2	200	20199
015e3	200	20079
015e4	200	20467
015e5	200	21169
015e6	200	21958
015e7	200	20431
015e8	200	21019
015e9	200	22087
015ea	200	20054
015eb	200	21174
015ec	200	20461
015ed	200	18756
015ee	200	19765
015ef	200	20438
015f0	200	19650
015f1	200	20782
015f2	200	19895
015f3	200	20423
015f4	200	20667
015f5	200	19658
015f6	200	21803
015f7	200	21366
015f8	200	20781
015f9	200	20976
015fa	200	20546
015fb	200	20819
015fc	200	21808
015fd	200	21251
015fe	200	22492
015ff	200	22785
01600	200	20396
01601	200	21340
01602	200	21222
01603	200	20937
01604	200	19819
01605	200	20421
01606	200	20623
01607	200	20897
01608	200	20939
01609	200	21183
0160a	200	20192
0160b	200	21472
0160c	200	20551
0160d	200	19806
0160e	200	21493
0160f	200	20947
01610	200	21355
01611	200	22980
01612	200	18719
01613	200	21330
01614	200	19891
01615	200	20786
01616	200	20111
01617	200	21988
01618	200	19760
01619	200	20235
0161a	200	20513
0161b	200	22304
0161c	200	20467
0161d	200	21441
0161e	200	20078
0161f	200	20855
01620	200	18046
01621	200	19609
01622	200	19950
01623	200	19221
01624	200	19301
01625	200	19992
01626	200	21021
01627	200	19995
01628	200	21421
01629	200	20389
0162a	200	20085
0162b	200	20974
0162c	200	19176
0162d	200	22032
0162e	200	22030
0162f	200	19381
01630	200	21015
01631	200	20315
01632	200	18899
01633	200	20312
01634	200	21486
01635	200	20742
01636	200	19491
01637	200	21172
01638	200	19370
01639	200	20385
0163a	200	21094
0163b	200	21444
0163c	200	20545
0163d	200	20111
0163e	200	19927
0163f	200	21400
01640	200	21603
01641	200	19406
01642	200	20675
01643	200	20385
01644	200	20394
01645	200	21214
01646	200	18668
01647	200	19407
01648	200	19807
01649	200	18129
0164a	200	19182
0164b	200	19448
0164c	200	20003
0164d	200	21210
0164e	200	20988
0164f	200	22186
01650	200	23094
01651	200	21217
01652	200	19342
01653	200	19762
01654	200	18753
01655	200	20386
01656	200	20376
01657	200	20547
01658	200	21524
01659	200	20120
0165a	200	20745
0165b	200	21246
0165c	200	20828
0165d	200	20354
0165e	200	20005
0165f	200	20757
01660	200	21522
01661	200	18833
01662	200	22002
01663	200	19606
01664	200	21916
01665	200	21529
01666	200	19569
01667	200	20857
01668	200	20151
01669	200	19763
0166a	200	20004
0166b	200	21613
0166c	200	20278
0166d	200	21242
0166e	200	21330
0166f	200	20306
01670	200	19805
01671	200	20080
01672	200	21440
01673	200	22612
01674	200	20539
01675	200	21226
01676	200	21324
01677	200	20506
01678	200	19763
01679	200	21573
0167a	200	22309
0167b	200	20978
0167c	200	20460
0167d	200	22230
0167e	200	20662
0167f	200	21651
01680	200	20248
01681	200	18190
01682	200	19651
01683	200	20942
01684	200	20550
01685	200	21920
01686	200	20435
01687	200	20785
01688	200	20494
01689	200	19957
0168a	200	21332
0168b	200	21126
0168c	200	20356
0168d	200	21799
0168e	200	21099
0168f	200	21250
01690	200	19757
01691	200	20862
01692	200	22613
01693	200	21099
01694	200	19754
01695	200	22390
01696	200	22422
01697	200	19815
01698	200	19883
